3.300000000000000000e+01
3.500000000000000000e+01
3.600000000000000000e+01
3.900000000000000000e+01
4.300000000000000000e+01
4.500000000000000000e+01
4.600000000000000000e+01
4.900000000000000000e+01
5.000000000000000000e+01
5.100000000000000000e+01
5.800000000000000000e+01
6.100000000000000000e+01
6.200000000000000000e+01
6.500000000000000000e+01
6.800000000000000000e+01
8.500000000000000000e+01
9.200000000000000000e+01
9.500000000000000000e+01
1.110000000000000000e+02
2.260000000000000000e+02
2.320000000000000000e+02
2.450000000000000000e+02
2.630000000000000000e+02
2.660000000000000000e+02
2.680000000000000000e+02
2.710000000000000000e+02
2.750000000000000000e+02
2.770000000000000000e+02
2.900000000000000000e+02
2.990000000000000000e+02
3.150000000000000000e+02
3.190000000000000000e+02
3.250000000000000000e+02
3.370000000000000000e+02
