3.600000000000000000e+01
9.300000000000000000e+01
9.600000000000000000e+01
1.030000000000000000e+02
1.050000000000000000e+02
1.070000000000000000e+02
1.080000000000000000e+02
1.090000000000000000e+02
1.160000000000000000e+02
1.170000000000000000e+02
1.190000000000000000e+02
1.200000000000000000e+02
1.210000000000000000e+02
1.220000000000000000e+02
1.240000000000000000e+02
1.250000000000000000e+02
1.270000000000000000e+02
1.310000000000000000e+02
1.340000000000000000e+02
1.350000000000000000e+02
1.380000000000000000e+02
1.390000000000000000e+02
1.410000000000000000e+02
1.450000000000000000e+02
1.510000000000000000e+02
1.530000000000000000e+02
1.820000000000000000e+02
1.970000000000000000e+02
2.040000000000000000e+02
2.050000000000000000e+02
2.060000000000000000e+02
2.100000000000000000e+02
2.120000000000000000e+02
2.150000000000000000e+02
2.210000000000000000e+02
2.230000000000000000e+02
2.280000000000000000e+02
2.290000000000000000e+02
2.340000000000000000e+02
2.490000000000000000e+02
2.510000000000000000e+02
2.650000000000000000e+02
2.720000000000000000e+02
2.740000000000000000e+02
2.750000000000000000e+02
2.980000000000000000e+02
3.060000000000000000e+02
3.070000000000000000e+02
3.320000000000000000e+02
3.330000000000000000e+02
3.370000000000000000e+02
3.400000000000000000e+02
