2.200000000000000000e+01
3.000000000000000000e+01
4.000000000000000000e+01
6.100000000000000000e+01
6.400000000000000000e+01
6.700000000000000000e+01
7.000000000000000000e+01
7.800000000000000000e+01
8.700000000000000000e+01
9.300000000000000000e+01
9.600000000000000000e+01
1.170000000000000000e+02
1.200000000000000000e+02
1.250000000000000000e+02
1.440000000000000000e+02
1.510000000000000000e+02
1.530000000000000000e+02
1.560000000000000000e+02
1.600000000000000000e+02
2.370000000000000000e+02
2.430000000000000000e+02
2.610000000000000000e+02
2.680000000000000000e+02
2.810000000000000000e+02
2.860000000000000000e+02
2.900000000000000000e+02
3.020000000000000000e+02
3.080000000000000000e+02
3.090000000000000000e+02
3.170000000000000000e+02
3.180000000000000000e+02
3.190000000000000000e+02
3.210000000000000000e+02
3.240000000000000000e+02
3.250000000000000000e+02
3.260000000000000000e+02
3.290000000000000000e+02
3.430000000000000000e+02
3.460000000000000000e+02
3.470000000000000000e+02
3.480000000000000000e+02
3.500000000000000000e+02
