1.000000000000000000e+00
3.200000000000000000e+01
3.700000000000000000e+01
4.000000000000000000e+01
4.300000000000000000e+01
4.800000000000000000e+01
4.900000000000000000e+01
5.300000000000000000e+01
5.400000000000000000e+01
5.500000000000000000e+01
5.700000000000000000e+01
6.000000000000000000e+01
6.400000000000000000e+01
7.000000000000000000e+01
7.400000000000000000e+01
7.500000000000000000e+01
7.600000000000000000e+01
7.900000000000000000e+01
8.000000000000000000e+01
8.200000000000000000e+01
8.400000000000000000e+01
8.500000000000000000e+01
8.700000000000000000e+01
9.000000000000000000e+01
9.100000000000000000e+01
9.200000000000000000e+01
1.380000000000000000e+02
1.470000000000000000e+02
1.600000000000000000e+02
1.610000000000000000e+02
1.630000000000000000e+02
1.680000000000000000e+02
1.690000000000000000e+02
1.700000000000000000e+02
1.740000000000000000e+02
1.770000000000000000e+02
1.780000000000000000e+02
1.850000000000000000e+02
1.890000000000000000e+02
1.910000000000000000e+02
1.920000000000000000e+02
1.930000000000000000e+02
1.940000000000000000e+02
1.950000000000000000e+02
1.960000000000000000e+02
1.990000000000000000e+02
2.000000000000000000e+02
2.080000000000000000e+02
2.120000000000000000e+02
2.180000000000000000e+02
2.220000000000000000e+02
2.240000000000000000e+02
2.250000000000000000e+02
2.260000000000000000e+02
2.290000000000000000e+02
2.360000000000000000e+02
2.500000000000000000e+02
2.570000000000000000e+02
2.590000000000000000e+02
2.700000000000000000e+02
2.900000000000000000e+02
3.130000000000000000e+02
3.140000000000000000e+02
3.220000000000000000e+02
3.360000000000000000e+02
3.450000000000000000e+02
