1.600000000000000000e+01
2.000000000000000000e+01
3.200000000000000000e+01
4.300000000000000000e+01
8.000000000000000000e+01
9.300000000000000000e+01
9.600000000000000000e+01
1.000000000000000000e+02
1.010000000000000000e+02
1.020000000000000000e+02
1.050000000000000000e+02
1.080000000000000000e+02
1.090000000000000000e+02
1.100000000000000000e+02
1.160000000000000000e+02
1.190000000000000000e+02
1.200000000000000000e+02
1.210000000000000000e+02
1.220000000000000000e+02
1.230000000000000000e+02
1.250000000000000000e+02
1.290000000000000000e+02
1.340000000000000000e+02
1.350000000000000000e+02
1.380000000000000000e+02
1.390000000000000000e+02
1.490000000000000000e+02
1.600000000000000000e+02
1.680000000000000000e+02
1.690000000000000000e+02
1.700000000000000000e+02
1.770000000000000000e+02
1.780000000000000000e+02
2.010000000000000000e+02
2.110000000000000000e+02
2.260000000000000000e+02
2.270000000000000000e+02
2.400000000000000000e+02
2.650000000000000000e+02
2.750000000000000000e+02
2.770000000000000000e+02
2.800000000000000000e+02
2.850000000000000000e+02
2.880000000000000000e+02
2.890000000000000000e+02
3.000000000000000000e+02
3.040000000000000000e+02
3.130000000000000000e+02
3.140000000000000000e+02
3.170000000000000000e+02
3.180000000000000000e+02
3.210000000000000000e+02
3.220000000000000000e+02
3.240000000000000000e+02
3.280000000000000000e+02
3.290000000000000000e+02
3.320000000000000000e+02
3.330000000000000000e+02
3.360000000000000000e+02
3.420000000000000000e+02
3.520000000000000000e+02
