1.100000000000000000e+01
3.000000000000000000e+01
3.600000000000000000e+01
4.500000000000000000e+01
4.900000000000000000e+01
5.000000000000000000e+01
5.100000000000000000e+01
5.400000000000000000e+01
5.500000000000000000e+01
5.700000000000000000e+01
5.900000000000000000e+01
6.300000000000000000e+01
7.700000000000000000e+01
8.100000000000000000e+01
8.600000000000000000e+01
9.000000000000000000e+01
9.200000000000000000e+01
9.500000000000000000e+01
1.070000000000000000e+02
1.410000000000000000e+02
1.470000000000000000e+02
1.650000000000000000e+02
1.760000000000000000e+02
2.290000000000000000e+02
2.470000000000000000e+02
2.640000000000000000e+02
2.720000000000000000e+02
2.770000000000000000e+02
2.880000000000000000e+02
2.900000000000000000e+02
2.910000000000000000e+02
2.930000000000000000e+02
3.090000000000000000e+02
