1.100000000000000000e+01
1.300000000000000000e+01
3.000000000000000000e+01
3.100000000000000000e+01
3.300000000000000000e+01
3.500000000000000000e+01
3.600000000000000000e+01
3.900000000000000000e+01
4.000000000000000000e+01
4.500000000000000000e+01
4.800000000000000000e+01
4.900000000000000000e+01
5.000000000000000000e+01
5.100000000000000000e+01
5.400000000000000000e+01
5.500000000000000000e+01
5.600000000000000000e+01
5.700000000000000000e+01
5.900000000000000000e+01
6.300000000000000000e+01
6.500000000000000000e+01
7.000000000000000000e+01
7.600000000000000000e+01
7.700000000000000000e+01
7.900000000000000000e+01
8.100000000000000000e+01
8.300000000000000000e+01
8.400000000000000000e+01
8.500000000000000000e+01
8.600000000000000000e+01
9.000000000000000000e+01
9.100000000000000000e+01
9.200000000000000000e+01
9.500000000000000000e+01
1.070000000000000000e+02
1.170000000000000000e+02
1.190000000000000000e+02
1.220000000000000000e+02
1.410000000000000000e+02
1.470000000000000000e+02
1.640000000000000000e+02
1.650000000000000000e+02
1.760000000000000000e+02
1.830000000000000000e+02
1.940000000000000000e+02
1.960000000000000000e+02
1.990000000000000000e+02
2.000000000000000000e+02
2.080000000000000000e+02
2.260000000000000000e+02
2.290000000000000000e+02
2.460000000000000000e+02
2.470000000000000000e+02
2.600000000000000000e+02
2.640000000000000000e+02
2.650000000000000000e+02
2.680000000000000000e+02
2.690000000000000000e+02
2.720000000000000000e+02
2.760000000000000000e+02
2.770000000000000000e+02
2.800000000000000000e+02
2.810000000000000000e+02
2.820000000000000000e+02
2.830000000000000000e+02
2.840000000000000000e+02
2.880000000000000000e+02
2.900000000000000000e+02
2.910000000000000000e+02
2.930000000000000000e+02
2.970000000000000000e+02
2.990000000000000000e+02
3.000000000000000000e+02
3.050000000000000000e+02
3.080000000000000000e+02
3.090000000000000000e+02
3.100000000000000000e+02
3.110000000000000000e+02
3.120000000000000000e+02
3.130000000000000000e+02
3.150000000000000000e+02
3.160000000000000000e+02
3.170000000000000000e+02
3.180000000000000000e+02
3.200000000000000000e+02
3.210000000000000000e+02
3.230000000000000000e+02
3.240000000000000000e+02
3.350000000000000000e+02
3.380000000000000000e+02
3.390000000000000000e+02
3.460000000000000000e+02
3.470000000000000000e+02
3.480000000000000000e+02
3.490000000000000000e+02
3.500000000000000000e+02
