4.000000000000000000e+00
8.000000000000000000e+00
1.900000000000000000e+01
3.900000000000000000e+01
4.300000000000000000e+01
4.400000000000000000e+01
4.500000000000000000e+01
4.900000000000000000e+01
5.000000000000000000e+01
5.100000000000000000e+01
5.300000000000000000e+01
5.700000000000000000e+01
6.000000000000000000e+01
7.400000000000000000e+01
7.700000000000000000e+01
9.000000000000000000e+01
9.300000000000000000e+01
9.500000000000000000e+01
9.600000000000000000e+01
1.070000000000000000e+02
1.110000000000000000e+02
1.210000000000000000e+02
1.250000000000000000e+02
1.340000000000000000e+02
1.350000000000000000e+02
1.510000000000000000e+02
1.680000000000000000e+02
1.690000000000000000e+02
1.700000000000000000e+02
1.760000000000000000e+02
1.830000000000000000e+02
1.870000000000000000e+02
1.900000000000000000e+02
3.420000000000000000e+02
