1.100000000000000000e+01
4.600000000000000000e+01
6.900000000000000000e+01
7.600000000000000000e+01
8.000000000000000000e+01
8.100000000000000000e+01
8.300000000000000000e+01
8.400000000000000000e+01
8.700000000000000000e+01
8.900000000000000000e+01
9.600000000000000000e+01
1.050000000000000000e+02
1.070000000000000000e+02
1.260000000000000000e+02
1.470000000000000000e+02
2.030000000000000000e+02
2.120000000000000000e+02
2.140000000000000000e+02
2.270000000000000000e+02
2.390000000000000000e+02
2.500000000000000000e+02
2.520000000000000000e+02
2.650000000000000000e+02
2.670000000000000000e+02
2.810000000000000000e+02
2.830000000000000000e+02
2.840000000000000000e+02
2.900000000000000000e+02
2.910000000000000000e+02
2.930000000000000000e+02
2.950000000000000000e+02
2.970000000000000000e+02
3.040000000000000000e+02
3.230000000000000000e+02
3.260000000000000000e+02
3.320000000000000000e+02
3.330000000000000000e+02
3.340000000000000000e+02
3.360000000000000000e+02
