6.000000000000000000e+01
6.200000000000000000e+01
7.800000000000000000e+01
8.700000000000000000e+01
9.500000000000000000e+01
9.600000000000000000e+01
1.010000000000000000e+02
1.060000000000000000e+02
1.070000000000000000e+02
1.080000000000000000e+02
1.100000000000000000e+02
1.180000000000000000e+02
1.270000000000000000e+02
1.310000000000000000e+02
1.380000000000000000e+02
1.410000000000000000e+02
1.550000000000000000e+02
1.600000000000000000e+02
1.650000000000000000e+02
1.680000000000000000e+02
1.690000000000000000e+02
1.700000000000000000e+02
1.720000000000000000e+02
1.760000000000000000e+02
1.910000000000000000e+02
1.980000000000000000e+02
2.010000000000000000e+02
2.530000000000000000e+02
2.780000000000000000e+02
2.870000000000000000e+02
3.080000000000000000e+02
3.090000000000000000e+02
3.130000000000000000e+02
3.140000000000000000e+02
3.150000000000000000e+02
3.180000000000000000e+02
3.190000000000000000e+02
3.200000000000000000e+02
3.210000000000000000e+02
3.220000000000000000e+02
3.230000000000000000e+02
3.240000000000000000e+02
3.250000000000000000e+02
3.260000000000000000e+02
3.270000000000000000e+02
3.280000000000000000e+02
3.290000000000000000e+02
3.350000000000000000e+02
3.360000000000000000e+02
3.400000000000000000e+02
3.510000000000000000e+02
