4.000000000000000000e+00
6.000000000000000000e+00
9.000000000000000000e+00
1.200000000000000000e+01
1.700000000000000000e+01
2.500000000000000000e+01
2.800000000000000000e+01
4.500000000000000000e+01
4.900000000000000000e+01
5.200000000000000000e+01
5.300000000000000000e+01
5.700000000000000000e+01
6.000000000000000000e+01
6.600000000000000000e+01
8.300000000000000000e+01
9.200000000000000000e+01
9.300000000000000000e+01
9.500000000000000000e+01
9.600000000000000000e+01
1.010000000000000000e+02
1.060000000000000000e+02
1.070000000000000000e+02
1.150000000000000000e+02
1.170000000000000000e+02
1.180000000000000000e+02
1.300000000000000000e+02
1.340000000000000000e+02
1.350000000000000000e+02
1.550000000000000000e+02
1.560000000000000000e+02
1.600000000000000000e+02
1.610000000000000000e+02
1.720000000000000000e+02
1.750000000000000000e+02
1.830000000000000000e+02
1.980000000000000000e+02
2.010000000000000000e+02
2.230000000000000000e+02
2.400000000000000000e+02
2.460000000000000000e+02
2.550000000000000000e+02
2.580000000000000000e+02
2.650000000000000000e+02
2.680000000000000000e+02
2.770000000000000000e+02
2.800000000000000000e+02
2.810000000000000000e+02
2.880000000000000000e+02
2.900000000000000000e+02
2.910000000000000000e+02
2.930000000000000000e+02
2.970000000000000000e+02
3.180000000000000000e+02
3.210000000000000000e+02
