4.000000000000000000e+00
8.000000000000000000e+00
2.300000000000000000e+01
3.300000000000000000e+01
3.500000000000000000e+01
3.800000000000000000e+01
4.900000000000000000e+01
5.000000000000000000e+01
5.100000000000000000e+01
5.400000000000000000e+01
5.500000000000000000e+01
5.600000000000000000e+01
6.600000000000000000e+01
7.500000000000000000e+01
9.600000000000000000e+01
1.010000000000000000e+02
1.040000000000000000e+02
1.060000000000000000e+02
1.070000000000000000e+02
1.080000000000000000e+02
1.090000000000000000e+02
1.100000000000000000e+02
1.120000000000000000e+02
1.140000000000000000e+02
1.250000000000000000e+02
1.260000000000000000e+02
1.270000000000000000e+02
1.490000000000000000e+02
1.810000000000000000e+02
1.830000000000000000e+02
1.840000000000000000e+02
1.850000000000000000e+02
2.090000000000000000e+02
2.160000000000000000e+02
2.280000000000000000e+02
2.290000000000000000e+02
2.300000000000000000e+02
2.330000000000000000e+02
2.380000000000000000e+02
2.390000000000000000e+02
2.430000000000000000e+02
2.470000000000000000e+02
2.530000000000000000e+02
2.650000000000000000e+02
2.970000000000000000e+02
3.410000000000000000e+02
