3.200000000000000000e+01
5.200000000000000000e+01
5.300000000000000000e+01
5.400000000000000000e+01
5.500000000000000000e+01
6.000000000000000000e+01
6.100000000000000000e+01
6.400000000000000000e+01
6.500000000000000000e+01
6.600000000000000000e+01
7.400000000000000000e+01
7.700000000000000000e+01
8.000000000000000000e+01
8.600000000000000000e+01
9.200000000000000000e+01
9.500000000000000000e+01
9.600000000000000000e+01
9.800000000000000000e+01
9.900000000000000000e+01
1.000000000000000000e+02
1.070000000000000000e+02
1.180000000000000000e+02
1.550000000000000000e+02
1.560000000000000000e+02
1.600000000000000000e+02
1.650000000000000000e+02
1.680000000000000000e+02
1.690000000000000000e+02
1.700000000000000000e+02
1.760000000000000000e+02
2.560000000000000000e+02
2.650000000000000000e+02
2.680000000000000000e+02
2.770000000000000000e+02
2.800000000000000000e+02
2.810000000000000000e+02
2.900000000000000000e+02
2.910000000000000000e+02
2.930000000000000000e+02
2.950000000000000000e+02
3.000000000000000000e+02
3.050000000000000000e+02
3.130000000000000000e+02
3.150000000000000000e+02
3.200000000000000000e+02
3.230000000000000000e+02
3.350000000000000000e+02
3.380000000000000000e+02
3.390000000000000000e+02
3.520000000000000000e+02
