9.000000000000000000e+00
1.200000000000000000e+01
1.800000000000000000e+01
2.100000000000000000e+01
4.500000000000000000e+01
5.000000000000000000e+01
5.100000000000000000e+01
5.300000000000000000e+01
5.400000000000000000e+01
5.500000000000000000e+01
5.700000000000000000e+01
6.000000000000000000e+01
6.900000000000000000e+01
7.000000000000000000e+01
7.400000000000000000e+01
9.000000000000000000e+01
1.510000000000000000e+02
1.660000000000000000e+02
1.770000000000000000e+02
1.780000000000000000e+02
2.290000000000000000e+02
2.360000000000000000e+02
2.760000000000000000e+02
2.940000000000000000e+02
3.080000000000000000e+02
3.460000000000000000e+02
3.470000000000000000e+02
3.480000000000000000e+02
3.500000000000000000e+02
