1.100000000000000000e+01
1.300000000000000000e+01
1.600000000000000000e+01
3.600000000000000000e+01
4.900000000000000000e+01
6.400000000000000000e+01
7.400000000000000000e+01
7.600000000000000000e+01
7.900000000000000000e+01
8.200000000000000000e+01
8.400000000000000000e+01
8.600000000000000000e+01
8.700000000000000000e+01
9.200000000000000000e+01
9.300000000000000000e+01
9.500000000000000000e+01
9.800000000000000000e+01
1.010000000000000000e+02
1.030000000000000000e+02
1.260000000000000000e+02
1.270000000000000000e+02
1.280000000000000000e+02
1.400000000000000000e+02
1.450000000000000000e+02
1.560000000000000000e+02
1.730000000000000000e+02
1.740000000000000000e+02
1.980000000000000000e+02
2.090000000000000000e+02
2.120000000000000000e+02
2.240000000000000000e+02
2.250000000000000000e+02
2.260000000000000000e+02
2.270000000000000000e+02
2.380000000000000000e+02
2.390000000000000000e+02
2.400000000000000000e+02
2.520000000000000000e+02
2.570000000000000000e+02
2.590000000000000000e+02
2.600000000000000000e+02
2.610000000000000000e+02
2.640000000000000000e+02
2.830000000000000000e+02
2.840000000000000000e+02
2.970000000000000000e+02
3.150000000000000000e+02
3.200000000000000000e+02
3.260000000000000000e+02
3.460000000000000000e+02
3.470000000000000000e+02
3.480000000000000000e+02
3.500000000000000000e+02
