6.300000000000000000e+01
6.600000000000000000e+01
6.700000000000000000e+01
8.000000000000000000e+01
8.700000000000000000e+01
8.900000000000000000e+01
1.100000000000000000e+02
2.120000000000000000e+02
2.200000000000000000e+02
2.270000000000000000e+02
2.300000000000000000e+02
2.330000000000000000e+02
2.360000000000000000e+02
2.410000000000000000e+02
2.760000000000000000e+02
2.800000000000000000e+02
2.940000000000000000e+02
3.020000000000000000e+02
3.080000000000000000e+02
3.430000000000000000e+02
