0.000000000000000000e+00
3.000000000000000000e+00
1.100000000000000000e+01
1.300000000000000000e+01
3.200000000000000000e+01
5.300000000000000000e+01
5.600000000000000000e+01
5.800000000000000000e+01
5.900000000000000000e+01
6.000000000000000000e+01
6.300000000000000000e+01
6.500000000000000000e+01
8.400000000000000000e+01
9.000000000000000000e+01
9.200000000000000000e+01
9.300000000000000000e+01
9.500000000000000000e+01
9.600000000000000000e+01
9.700000000000000000e+01
9.800000000000000000e+01
1.000000000000000000e+02
1.020000000000000000e+02
1.030000000000000000e+02
1.070000000000000000e+02
1.090000000000000000e+02
1.100000000000000000e+02
1.170000000000000000e+02
1.470000000000000000e+02
1.480000000000000000e+02
1.530000000000000000e+02
1.610000000000000000e+02
1.660000000000000000e+02
1.750000000000000000e+02
1.820000000000000000e+02
2.040000000000000000e+02
2.050000000000000000e+02
2.060000000000000000e+02
2.070000000000000000e+02
2.100000000000000000e+02
2.200000000000000000e+02
2.210000000000000000e+02
2.340000000000000000e+02
2.370000000000000000e+02
2.430000000000000000e+02
2.480000000000000000e+02
2.490000000000000000e+02
2.570000000000000000e+02
2.680000000000000000e+02
2.690000000000000000e+02
2.750000000000000000e+02
2.760000000000000000e+02
2.770000000000000000e+02
2.780000000000000000e+02
2.800000000000000000e+02
2.810000000000000000e+02
2.830000000000000000e+02
2.840000000000000000e+02
2.850000000000000000e+02
2.870000000000000000e+02
2.900000000000000000e+02
2.940000000000000000e+02
3.160000000000000000e+02
3.340000000000000000e+02
3.510000000000000000e+02
