1.100000000000000000e+01
1.300000000000000000e+01
1.600000000000000000e+01
3.100000000000000000e+01
3.300000000000000000e+01
3.500000000000000000e+01
3.900000000000000000e+01
4.600000000000000000e+01
6.600000000000000000e+01
6.900000000000000000e+01
7.500000000000000000e+01
7.600000000000000000e+01
8.000000000000000000e+01
8.100000000000000000e+01
8.300000000000000000e+01
8.400000000000000000e+01
8.500000000000000000e+01
8.700000000000000000e+01
8.900000000000000000e+01
9.600000000000000000e+01
1.020000000000000000e+02
1.050000000000000000e+02
1.070000000000000000e+02
1.080000000000000000e+02
1.120000000000000000e+02
1.190000000000000000e+02
1.220000000000000000e+02
1.260000000000000000e+02
1.470000000000000000e+02
1.490000000000000000e+02
1.730000000000000000e+02
2.030000000000000000e+02
2.120000000000000000e+02
2.140000000000000000e+02
2.180000000000000000e+02
2.220000000000000000e+02
2.260000000000000000e+02
2.270000000000000000e+02
2.340000000000000000e+02
2.370000000000000000e+02
2.380000000000000000e+02
2.390000000000000000e+02
2.500000000000000000e+02
2.520000000000000000e+02
2.650000000000000000e+02
2.670000000000000000e+02
2.780000000000000000e+02
2.800000000000000000e+02
2.810000000000000000e+02
2.820000000000000000e+02
2.830000000000000000e+02
2.840000000000000000e+02
2.900000000000000000e+02
2.910000000000000000e+02
2.920000000000000000e+02
2.930000000000000000e+02
2.950000000000000000e+02
2.970000000000000000e+02
2.990000000000000000e+02
3.030000000000000000e+02
3.040000000000000000e+02
3.050000000000000000e+02
3.100000000000000000e+02
3.160000000000000000e+02
3.230000000000000000e+02
3.260000000000000000e+02
3.320000000000000000e+02
3.330000000000000000e+02
3.340000000000000000e+02
3.350000000000000000e+02
3.360000000000000000e+02
3.520000000000000000e+02
