1.300000000000000000e+01
2.600000000000000000e+01
3.700000000000000000e+01
3.800000000000000000e+01
4.100000000000000000e+01
4.600000000000000000e+01
5.700000000000000000e+01
6.100000000000000000e+01
6.400000000000000000e+01
7.400000000000000000e+01
7.700000000000000000e+01
8.000000000000000000e+01
8.300000000000000000e+01
8.600000000000000000e+01
8.700000000000000000e+01
9.200000000000000000e+01
9.500000000000000000e+01
1.110000000000000000e+02
1.120000000000000000e+02
1.170000000000000000e+02
1.200000000000000000e+02
1.530000000000000000e+02
1.610000000000000000e+02
1.650000000000000000e+02
1.710000000000000000e+02
1.760000000000000000e+02
2.010000000000000000e+02
2.440000000000000000e+02
2.530000000000000000e+02
2.550000000000000000e+02
2.580000000000000000e+02
2.610000000000000000e+02
2.660000000000000000e+02
2.670000000000000000e+02
2.710000000000000000e+02
2.750000000000000000e+02
2.760000000000000000e+02
2.780000000000000000e+02
2.800000000000000000e+02
2.850000000000000000e+02
2.870000000000000000e+02
2.940000000000000000e+02
3.080000000000000000e+02
3.090000000000000000e+02
3.130000000000000000e+02
3.140000000000000000e+02
3.380000000000000000e+02
3.390000000000000000e+02
