4.100000000000000000e+01
4.600000000000000000e+01
1.010000000000000000e+02
1.060000000000000000e+02
1.080000000000000000e+02
1.090000000000000000e+02
1.100000000000000000e+02
1.110000000000000000e+02
1.140000000000000000e+02
1.190000000000000000e+02
1.220000000000000000e+02
1.390000000000000000e+02
1.450000000000000000e+02
1.490000000000000000e+02
1.740000000000000000e+02
1.750000000000000000e+02
1.810000000000000000e+02
2.310000000000000000e+02
2.360000000000000000e+02
2.650000000000000000e+02
2.770000000000000000e+02
2.800000000000000000e+02
2.900000000000000000e+02
2.910000000000000000e+02
2.930000000000000000e+02
2.970000000000000000e+02
3.010000000000000000e+02
