3.200000000000000000e+01
4.900000000000000000e+01
5.900000000000000000e+01
7.400000000000000000e+01
8.500000000000000000e+01
8.600000000000000000e+01
9.000000000000000000e+01
9.100000000000000000e+01
9.200000000000000000e+01
9.400000000000000000e+01
9.500000000000000000e+01
9.800000000000000000e+01
1.020000000000000000e+02
1.070000000000000000e+02
1.280000000000000000e+02
2.280000000000000000e+02
2.310000000000000000e+02
2.340000000000000000e+02
2.360000000000000000e+02
2.390000000000000000e+02
2.440000000000000000e+02
2.500000000000000000e+02
2.520000000000000000e+02
2.550000000000000000e+02
2.580000000000000000e+02
2.650000000000000000e+02
2.730000000000000000e+02
2.830000000000000000e+02
2.840000000000000000e+02
2.920000000000000000e+02
