2.500000000000000000e+01
2.800000000000000000e+01
3.600000000000000000e+01
6.300000000000000000e+01
6.600000000000000000e+01
7.600000000000000000e+01
7.900000000000000000e+01
8.600000000000000000e+01
9.000000000000000000e+01
9.200000000000000000e+01
9.300000000000000000e+01
9.500000000000000000e+01
9.800000000000000000e+01
1.010000000000000000e+02
1.070000000000000000e+02
1.100000000000000000e+02
1.170000000000000000e+02
1.230000000000000000e+02
1.500000000000000000e+02
1.560000000000000000e+02
1.570000000000000000e+02
1.640000000000000000e+02
2.360000000000000000e+02
2.420000000000000000e+02
2.650000000000000000e+02
2.810000000000000000e+02
3.080000000000000000e+02
3.090000000000000000e+02
3.170000000000000000e+02
3.180000000000000000e+02
3.210000000000000000e+02
3.310000000000000000e+02
3.370000000000000000e+02
3.410000000000000000e+02
