1.600000000000000000e+01
1.010000000000000000e+02
1.050000000000000000e+02
1.080000000000000000e+02
1.090000000000000000e+02
1.100000000000000000e+02
1.210000000000000000e+02
1.340000000000000000e+02
1.350000000000000000e+02
1.680000000000000000e+02
1.690000000000000000e+02
1.700000000000000000e+02
2.260000000000000000e+02
2.400000000000000000e+02
2.650000000000000000e+02
2.750000000000000000e+02
2.800000000000000000e+02
2.850000000000000000e+02
3.130000000000000000e+02
3.140000000000000000e+02
3.180000000000000000e+02
3.210000000000000000e+02
3.220000000000000000e+02
3.280000000000000000e+02
3.320000000000000000e+02
3.330000000000000000e+02
