4.000000000000000000e+00
7.000000000000000000e+00
8.000000000000000000e+00
1.000000000000000000e+01
1.900000000000000000e+01
2.700000000000000000e+01
3.200000000000000000e+01
3.300000000000000000e+01
3.500000000000000000e+01
3.700000000000000000e+01
3.900000000000000000e+01
4.300000000000000000e+01
4.400000000000000000e+01
4.500000000000000000e+01
4.900000000000000000e+01
5.000000000000000000e+01
5.100000000000000000e+01
5.300000000000000000e+01
5.700000000000000000e+01
6.000000000000000000e+01
6.600000000000000000e+01
7.400000000000000000e+01
7.500000000000000000e+01
7.600000000000000000e+01
7.700000000000000000e+01
8.000000000000000000e+01
8.700000000000000000e+01
9.000000000000000000e+01
9.200000000000000000e+01
9.300000000000000000e+01
9.500000000000000000e+01
9.600000000000000000e+01
1.030000000000000000e+02
1.060000000000000000e+02
1.070000000000000000e+02
1.110000000000000000e+02
1.200000000000000000e+02
1.210000000000000000e+02
1.230000000000000000e+02
1.250000000000000000e+02
1.260000000000000000e+02
1.280000000000000000e+02
1.340000000000000000e+02
1.350000000000000000e+02
1.380000000000000000e+02
1.510000000000000000e+02
1.550000000000000000e+02
1.600000000000000000e+02
1.680000000000000000e+02
1.690000000000000000e+02
1.700000000000000000e+02
1.760000000000000000e+02
1.830000000000000000e+02
1.870000000000000000e+02
1.900000000000000000e+02
2.230000000000000000e+02
2.310000000000000000e+02
2.370000000000000000e+02
2.440000000000000000e+02
2.500000000000000000e+02
2.650000000000000000e+02
2.780000000000000000e+02
2.870000000000000000e+02
3.420000000000000000e+02
