0.000000000000000000e+00
1.300000000000000000e+01
2.400000000000000000e+01
2.800000000000000000e+01
2.900000000000000000e+01
3.300000000000000000e+01
3.500000000000000000e+01
6.300000000000000000e+01
7.600000000000000000e+01
8.000000000000000000e+01
8.300000000000000000e+01
8.700000000000000000e+01
8.900000000000000000e+01
9.200000000000000000e+01
9.300000000000000000e+01
9.600000000000000000e+01
9.800000000000000000e+01
1.070000000000000000e+02
1.100000000000000000e+02
1.110000000000000000e+02
1.140000000000000000e+02
1.180000000000000000e+02
1.200000000000000000e+02
1.380000000000000000e+02
1.390000000000000000e+02
1.490000000000000000e+02
1.570000000000000000e+02
2.180000000000000000e+02
2.220000000000000000e+02
2.250000000000000000e+02
2.280000000000000000e+02
2.290000000000000000e+02
2.420000000000000000e+02
2.500000000000000000e+02
2.570000000000000000e+02
2.590000000000000000e+02
2.650000000000000000e+02
2.660000000000000000e+02
2.670000000000000000e+02
2.700000000000000000e+02
2.710000000000000000e+02
2.730000000000000000e+02
2.760000000000000000e+02
2.770000000000000000e+02
2.800000000000000000e+02
2.810000000000000000e+02
2.830000000000000000e+02
2.840000000000000000e+02
2.870000000000000000e+02
2.880000000000000000e+02
2.940000000000000000e+02
2.990000000000000000e+02
3.000000000000000000e+02
3.090000000000000000e+02
3.140000000000000000e+02
3.180000000000000000e+02
3.190000000000000000e+02
3.210000000000000000e+02
3.240000000000000000e+02
3.250000000000000000e+02
3.280000000000000000e+02
3.290000000000000000e+02
3.350000000000000000e+02
3.460000000000000000e+02
3.470000000000000000e+02
3.480000000000000000e+02
3.490000000000000000e+02
3.500000000000000000e+02
