1.000000000000000000e+00
1.000000000000000000e+01
1.500000000000000000e+01
4.200000000000000000e+01
4.700000000000000000e+01
5.300000000000000000e+01
5.800000000000000000e+01
6.400000000000000000e+01
7.000000000000000000e+01
8.000000000000000000e+01
8.700000000000000000e+01
9.600000000000000000e+01
1.010000000000000000e+02
1.070000000000000000e+02
1.110000000000000000e+02
1.530000000000000000e+02
1.610000000000000000e+02
1.660000000000000000e+02
2.280000000000000000e+02
2.310000000000000000e+02
2.320000000000000000e+02
2.340000000000000000e+02
2.360000000000000000e+02
2.440000000000000000e+02
2.450000000000000000e+02
2.530000000000000000e+02
2.570000000000000000e+02
2.660000000000000000e+02
2.670000000000000000e+02
2.710000000000000000e+02
2.750000000000000000e+02
2.820000000000000000e+02
2.860000000000000000e+02
2.920000000000000000e+02
3.010000000000000000e+02
3.020000000000000000e+02
3.040000000000000000e+02
