3.000000000000000000e+00
6.000000000000000000e+00
1.100000000000000000e+01
3.000000000000000000e+01
5.000000000000000000e+01
5.100000000000000000e+01
5.700000000000000000e+01
5.800000000000000000e+01
6.000000000000000000e+01
6.600000000000000000e+01
8.600000000000000000e+01
9.000000000000000000e+01
1.920000000000000000e+02
1.930000000000000000e+02
1.950000000000000000e+02
2.080000000000000000e+02
2.230000000000000000e+02
2.280000000000000000e+02
2.290000000000000000e+02
2.460000000000000000e+02
2.510000000000000000e+02
