3.000000000000000000e+00
6.500000000000000000e+01
9.000000000000000000e+01
9.200000000000000000e+01
9.300000000000000000e+01
9.600000000000000000e+01
9.700000000000000000e+01
1.000000000000000000e+02
1.070000000000000000e+02
1.090000000000000000e+02
1.170000000000000000e+02
1.470000000000000000e+02
1.530000000000000000e+02
1.820000000000000000e+02
2.070000000000000000e+02
2.100000000000000000e+02
2.200000000000000000e+02
2.370000000000000000e+02
2.430000000000000000e+02
2.480000000000000000e+02
2.570000000000000000e+02
2.690000000000000000e+02
2.750000000000000000e+02
2.810000000000000000e+02
2.900000000000000000e+02
2.940000000000000000e+02
3.340000000000000000e+02
