1.000000000000000000e+00
1.100000000000000000e+01
1.300000000000000000e+01
6.000000000000000000e+01
6.400000000000000000e+01
8.000000000000000000e+01
8.300000000000000000e+01
8.700000000000000000e+01
9.200000000000000000e+01
9.300000000000000000e+01
9.500000000000000000e+01
9.800000000000000000e+01
1.070000000000000000e+02
1.150000000000000000e+02
1.190000000000000000e+02
1.220000000000000000e+02
1.420000000000000000e+02
1.980000000000000000e+02
2.280000000000000000e+02
2.320000000000000000e+02
2.340000000000000000e+02
2.450000000000000000e+02
2.480000000000000000e+02
2.490000000000000000e+02
