1.000000000000000000e+00
1.000000000000000000e+01
1.200000000000000000e+01
3.200000000000000000e+01
4.300000000000000000e+01
6.400000000000000000e+01
6.600000000000000000e+01
7.600000000000000000e+01
8.000000000000000000e+01
8.700000000000000000e+01
9.300000000000000000e+01
1.070000000000000000e+02
1.080000000000000000e+02
1.100000000000000000e+02
1.110000000000000000e+02
1.120000000000000000e+02
1.150000000000000000e+02
1.170000000000000000e+02
1.190000000000000000e+02
1.220000000000000000e+02
1.230000000000000000e+02
1.260000000000000000e+02
1.270000000000000000e+02
1.340000000000000000e+02
1.350000000000000000e+02
1.440000000000000000e+02
1.470000000000000000e+02
1.680000000000000000e+02
1.690000000000000000e+02
1.700000000000000000e+02
1.830000000000000000e+02
2.410000000000000000e+02
2.440000000000000000e+02
3.140000000000000000e+02
