4.000000000000000000e+00
1.100000000000000000e+01
2.500000000000000000e+01
2.800000000000000000e+01
3.200000000000000000e+01
4.600000000000000000e+01
5.300000000000000000e+01
6.000000000000000000e+01
6.400000000000000000e+01
7.600000000000000000e+01
8.400000000000000000e+01
9.200000000000000000e+01
9.500000000000000000e+01
9.800000000000000000e+01
1.070000000000000000e+02
1.300000000000000000e+02
1.390000000000000000e+02
1.510000000000000000e+02
1.530000000000000000e+02
1.610000000000000000e+02
1.630000000000000000e+02
1.740000000000000000e+02
1.750000000000000000e+02
1.790000000000000000e+02
1.880000000000000000e+02
1.970000000000000000e+02
2.020000000000000000e+02
2.040000000000000000e+02
2.050000000000000000e+02
2.060000000000000000e+02
2.070000000000000000e+02
2.100000000000000000e+02
2.130000000000000000e+02
2.150000000000000000e+02
2.190000000000000000e+02
2.360000000000000000e+02
2.400000000000000000e+02
2.530000000000000000e+02
2.620000000000000000e+02
2.650000000000000000e+02
2.660000000000000000e+02
2.700000000000000000e+02
2.710000000000000000e+02
2.800000000000000000e+02
2.900000000000000000e+02
3.010000000000000000e+02
3.030000000000000000e+02
3.110000000000000000e+02
3.160000000000000000e+02
3.460000000000000000e+02
