1.300000000000000000e+01
4.000000000000000000e+01
6.100000000000000000e+01
6.600000000000000000e+01
6.800000000000000000e+01
7.700000000000000000e+01
7.800000000000000000e+01
8.700000000000000000e+01
9.000000000000000000e+01
1.010000000000000000e+02
1.410000000000000000e+02
1.660000000000000000e+02
1.750000000000000000e+02
1.880000000000000000e+02
2.030000000000000000e+02
2.110000000000000000e+02
2.190000000000000000e+02
2.380000000000000000e+02
2.570000000000000000e+02
2.700000000000000000e+02
2.830000000000000000e+02
2.840000000000000000e+02
2.940000000000000000e+02
2.950000000000000000e+02
2.970000000000000000e+02
3.020000000000000000e+02
3.430000000000000000e+02
3.490000000000000000e+02
