0.000000000000000000e+00
2.600000000000000000e+01
3.800000000000000000e+01
4.100000000000000000e+01
4.900000000000000000e+01
5.600000000000000000e+01
5.700000000000000000e+01
6.300000000000000000e+01
6.600000000000000000e+01
6.800000000000000000e+01
6.900000000000000000e+01
7.000000000000000000e+01
7.700000000000000000e+01
7.800000000000000000e+01
8.300000000000000000e+01
8.700000000000000000e+01
9.700000000000000000e+01
1.070000000000000000e+02
1.080000000000000000e+02
1.090000000000000000e+02
1.120000000000000000e+02
1.190000000000000000e+02
1.220000000000000000e+02
1.270000000000000000e+02
1.300000000000000000e+02
1.760000000000000000e+02
1.830000000000000000e+02
2.260000000000000000e+02
2.290000000000000000e+02
2.470000000000000000e+02
2.600000000000000000e+02
2.650000000000000000e+02
2.680000000000000000e+02
2.690000000000000000e+02
2.760000000000000000e+02
2.770000000000000000e+02
2.800000000000000000e+02
2.810000000000000000e+02
2.830000000000000000e+02
2.840000000000000000e+02
2.850000000000000000e+02
2.900000000000000000e+02
2.910000000000000000e+02
2.930000000000000000e+02
2.970000000000000000e+02
2.990000000000000000e+02
3.000000000000000000e+02
3.260000000000000000e+02
3.290000000000000000e+02
3.350000000000000000e+02
3.520000000000000000e+02
