4.500000000000000000e+01
4.900000000000000000e+01
5.000000000000000000e+01
5.100000000000000000e+01
6.300000000000000000e+01
6.500000000000000000e+01
7.000000000000000000e+01
7.400000000000000000e+01
8.200000000000000000e+01
8.600000000000000000e+01
9.200000000000000000e+01
9.300000000000000000e+01
9.500000000000000000e+01
9.600000000000000000e+01
1.600000000000000000e+02
1.680000000000000000e+02
1.690000000000000000e+02
1.700000000000000000e+02
2.130000000000000000e+02
2.570000000000000000e+02
2.770000000000000000e+02
2.810000000000000000e+02
2.880000000000000000e+02
2.900000000000000000e+02
3.050000000000000000e+02
3.150000000000000000e+02
