1.000000000000000000e+00
6.000000000000000000e+00
1.200000000000000000e+01
1.400000000000000000e+01
1.700000000000000000e+01
3.100000000000000000e+01
4.600000000000000000e+01
5.600000000000000000e+01
5.900000000000000000e+01
6.600000000000000000e+01
7.600000000000000000e+01
8.400000000000000000e+01
9.000000000000000000e+01
9.500000000000000000e+01
9.700000000000000000e+01
9.800000000000000000e+01
1.000000000000000000e+02
1.020000000000000000e+02
1.060000000000000000e+02
1.070000000000000000e+02
1.080000000000000000e+02
1.170000000000000000e+02
1.190000000000000000e+02
1.210000000000000000e+02
1.220000000000000000e+02
1.250000000000000000e+02
1.290000000000000000e+02
1.340000000000000000e+02
1.350000000000000000e+02
1.370000000000000000e+02
1.530000000000000000e+02
1.560000000000000000e+02
1.600000000000000000e+02
1.610000000000000000e+02
1.660000000000000000e+02
1.680000000000000000e+02
1.690000000000000000e+02
1.700000000000000000e+02
1.740000000000000000e+02
1.750000000000000000e+02
1.880000000000000000e+02
2.010000000000000000e+02
2.140000000000000000e+02
2.480000000000000000e+02
2.490000000000000000e+02
2.660000000000000000e+02
2.710000000000000000e+02
2.820000000000000000e+02
2.860000000000000000e+02
2.880000000000000000e+02
2.900000000000000000e+02
2.910000000000000000e+02
2.930000000000000000e+02
2.970000000000000000e+02
3.200000000000000000e+02
3.340000000000000000e+02
3.410000000000000000e+02
