3.100000000000000000e+01
3.300000000000000000e+01
3.500000000000000000e+01
3.600000000000000000e+01
3.800000000000000000e+01
3.900000000000000000e+01
4.400000000000000000e+01
8.700000000000000000e+01
8.900000000000000000e+01
9.200000000000000000e+01
1.070000000000000000e+02
1.080000000000000000e+02
1.470000000000000000e+02
2.020000000000000000e+02
2.200000000000000000e+02
2.210000000000000000e+02
2.250000000000000000e+02
2.310000000000000000e+02
2.500000000000000000e+02
2.650000000000000000e+02
3.200000000000000000e+02
3.310000000000000000e+02
3.400000000000000000e+02
3.520000000000000000e+02
