6.000000000000000000e+00
3.100000000000000000e+01
3.200000000000000000e+01
3.600000000000000000e+01
4.000000000000000000e+01
4.300000000000000000e+01
4.500000000000000000e+01
4.700000000000000000e+01
4.900000000000000000e+01
5.000000000000000000e+01
5.100000000000000000e+01
5.300000000000000000e+01
5.700000000000000000e+01
5.900000000000000000e+01
6.000000000000000000e+01
6.300000000000000000e+01
6.700000000000000000e+01
7.300000000000000000e+01
7.400000000000000000e+01
8.400000000000000000e+01
8.600000000000000000e+01
8.700000000000000000e+01
9.000000000000000000e+01
9.200000000000000000e+01
9.500000000000000000e+01
9.600000000000000000e+01
9.800000000000000000e+01
1.000000000000000000e+02
1.070000000000000000e+02
1.100000000000000000e+02
1.170000000000000000e+02
1.460000000000000000e+02
1.610000000000000000e+02
1.790000000000000000e+02
1.920000000000000000e+02
1.930000000000000000e+02
1.950000000000000000e+02
1.970000000000000000e+02
2.040000000000000000e+02
2.050000000000000000e+02
2.060000000000000000e+02
2.070000000000000000e+02
2.080000000000000000e+02
2.100000000000000000e+02
2.200000000000000000e+02
2.210000000000000000e+02
2.290000000000000000e+02
2.320000000000000000e+02
2.410000000000000000e+02
2.420000000000000000e+02
2.450000000000000000e+02
2.460000000000000000e+02
2.470000000000000000e+02
2.570000000000000000e+02
2.600000000000000000e+02
2.640000000000000000e+02
2.700000000000000000e+02
2.820000000000000000e+02
2.830000000000000000e+02
2.840000000000000000e+02
2.970000000000000000e+02
3.160000000000000000e+02
3.300000000000000000e+02
