1.700000000000000000e+01
1.800000000000000000e+01
2.100000000000000000e+01
2.500000000000000000e+01
3.800000000000000000e+01
3.900000000000000000e+01
4.100000000000000000e+01
6.100000000000000000e+01
6.200000000000000000e+01
6.600000000000000000e+01
8.700000000000000000e+01
9.700000000000000000e+01
1.080000000000000000e+02
2.280000000000000000e+02
2.320000000000000000e+02
2.340000000000000000e+02
2.510000000000000000e+02
2.690000000000000000e+02
2.770000000000000000e+02
2.830000000000000000e+02
2.840000000000000000e+02
2.880000000000000000e+02
