2.600000000000000000e+01
3.800000000000000000e+01
4.100000000000000000e+01
4.600000000000000000e+01
6.100000000000000000e+01
7.400000000000000000e+01
7.700000000000000000e+01
8.300000000000000000e+01
8.600000000000000000e+01
8.700000000000000000e+01
9.200000000000000000e+01
9.500000000000000000e+01
1.110000000000000000e+02
1.120000000000000000e+02
1.170000000000000000e+02
1.200000000000000000e+02
1.610000000000000000e+02
1.650000000000000000e+02
1.760000000000000000e+02
2.010000000000000000e+02
2.530000000000000000e+02
2.660000000000000000e+02
2.670000000000000000e+02
2.710000000000000000e+02
2.750000000000000000e+02
2.780000000000000000e+02
2.800000000000000000e+02
2.850000000000000000e+02
2.870000000000000000e+02
2.940000000000000000e+02
