1.200000000000000000e+01
1.700000000000000000e+01
1.800000000000000000e+01
2.100000000000000000e+01
2.200000000000000000e+01
2.500000000000000000e+01
3.100000000000000000e+01
3.300000000000000000e+01
3.500000000000000000e+01
3.800000000000000000e+01
3.900000000000000000e+01
4.100000000000000000e+01
5.000000000000000000e+01
5.100000000000000000e+01
6.100000000000000000e+01
6.200000000000000000e+01
6.300000000000000000e+01
6.600000000000000000e+01
6.800000000000000000e+01
6.900000000000000000e+01
8.000000000000000000e+01
8.300000000000000000e+01
8.600000000000000000e+01
8.700000000000000000e+01
9.000000000000000000e+01
9.200000000000000000e+01
9.300000000000000000e+01
9.700000000000000000e+01
1.070000000000000000e+02
1.080000000000000000e+02
1.100000000000000000e+02
1.170000000000000000e+02
1.470000000000000000e+02
1.800000000000000000e+02
1.860000000000000000e+02
2.020000000000000000e+02
2.080000000000000000e+02
2.230000000000000000e+02
2.280000000000000000e+02
2.320000000000000000e+02
2.340000000000000000e+02
2.460000000000000000e+02
2.470000000000000000e+02
2.490000000000000000e+02
2.510000000000000000e+02
2.590000000000000000e+02
2.640000000000000000e+02
2.690000000000000000e+02
2.720000000000000000e+02
2.740000000000000000e+02
2.750000000000000000e+02
2.770000000000000000e+02
2.800000000000000000e+02
2.810000000000000000e+02
2.830000000000000000e+02
2.840000000000000000e+02
2.850000000000000000e+02
2.880000000000000000e+02
2.900000000000000000e+02
2.910000000000000000e+02
2.930000000000000000e+02
2.970000000000000000e+02
2.990000000000000000e+02
3.030000000000000000e+02
3.040000000000000000e+02
3.160000000000000000e+02
3.180000000000000000e+02
3.210000000000000000e+02
3.230000000000000000e+02
3.280000000000000000e+02
