4.100000000000000000e+01
4.600000000000000000e+01
4.900000000000000000e+01
5.000000000000000000e+01
5.100000000000000000e+01
5.300000000000000000e+01
6.400000000000000000e+01
7.400000000000000000e+01
9.200000000000000000e+01
9.300000000000000000e+01
9.500000000000000000e+01
1.030000000000000000e+02
1.070000000000000000e+02
1.260000000000000000e+02
1.280000000000000000e+02
2.020000000000000000e+02
2.520000000000000000e+02
2.830000000000000000e+02
2.840000000000000000e+02
2.970000000000000000e+02
3.430000000000000000e+02
3.490000000000000000e+02
3.520000000000000000e+02
