4.000000000000000000e+00
2.700000000000000000e+01
4.300000000000000000e+01
5.300000000000000000e+01
5.800000000000000000e+01
6.100000000000000000e+01
6.900000000000000000e+01
7.600000000000000000e+01
7.700000000000000000e+01
9.000000000000000000e+01
9.100000000000000000e+01
9.500000000000000000e+01
9.700000000000000000e+01
9.800000000000000000e+01
1.040000000000000000e+02
1.060000000000000000e+02
1.130000000000000000e+02
1.160000000000000000e+02
1.250000000000000000e+02
1.280000000000000000e+02
1.290000000000000000e+02
1.300000000000000000e+02
1.310000000000000000e+02
1.320000000000000000e+02
1.340000000000000000e+02
1.350000000000000000e+02
1.360000000000000000e+02
1.380000000000000000e+02
1.440000000000000000e+02
1.470000000000000000e+02
1.480000000000000000e+02
1.490000000000000000e+02
1.510000000000000000e+02
1.530000000000000000e+02
1.560000000000000000e+02
1.660000000000000000e+02
1.750000000000000000e+02
1.840000000000000000e+02
1.970000000000000000e+02
1.980000000000000000e+02
2.040000000000000000e+02
2.050000000000000000e+02
2.060000000000000000e+02
2.070000000000000000e+02
2.100000000000000000e+02
2.200000000000000000e+02
2.270000000000000000e+02
2.480000000000000000e+02
2.520000000000000000e+02
2.570000000000000000e+02
2.700000000000000000e+02
2.730000000000000000e+02
