5.000000000000000000e+00
2.200000000000000000e+01
2.800000000000000000e+01
3.000000000000000000e+01
4.000000000000000000e+01
4.200000000000000000e+01
4.500000000000000000e+01
4.700000000000000000e+01
4.800000000000000000e+01
4.900000000000000000e+01
5.600000000000000000e+01
5.700000000000000000e+01
5.900000000000000000e+01
6.100000000000000000e+01
6.400000000000000000e+01
6.700000000000000000e+01
7.000000000000000000e+01
7.400000000000000000e+01
8.600000000000000000e+01
9.000000000000000000e+01
9.300000000000000000e+01
9.600000000000000000e+01
1.020000000000000000e+02
1.030000000000000000e+02
1.170000000000000000e+02
1.200000000000000000e+02
1.230000000000000000e+02
1.300000000000000000e+02
1.440000000000000000e+02
1.510000000000000000e+02
1.530000000000000000e+02
1.610000000000000000e+02
1.710000000000000000e+02
2.320000000000000000e+02
2.420000000000000000e+02
2.520000000000000000e+02
2.540000000000000000e+02
2.630000000000000000e+02
2.650000000000000000e+02
2.660000000000000000e+02
2.670000000000000000e+02
2.680000000000000000e+02
2.710000000000000000e+02
2.750000000000000000e+02
2.770000000000000000e+02
2.780000000000000000e+02
2.790000000000000000e+02
2.800000000000000000e+02
2.810000000000000000e+02
2.850000000000000000e+02
2.880000000000000000e+02
2.900000000000000000e+02
2.910000000000000000e+02
2.930000000000000000e+02
3.010000000000000000e+02
3.080000000000000000e+02
3.090000000000000000e+02
3.110000000000000000e+02
3.170000000000000000e+02
3.180000000000000000e+02
3.210000000000000000e+02
3.240000000000000000e+02
3.340000000000000000e+02
3.380000000000000000e+02
3.390000000000000000e+02
3.430000000000000000e+02
3.460000000000000000e+02
3.470000000000000000e+02
3.480000000000000000e+02
3.500000000000000000e+02
