1.000000000000000000e+01
1.700000000000000000e+01
2.500000000000000000e+01
3.600000000000000000e+01
3.800000000000000000e+01
4.900000000000000000e+01
5.000000000000000000e+01
5.100000000000000000e+01
5.200000000000000000e+01
5.300000000000000000e+01
5.400000000000000000e+01
5.500000000000000000e+01
5.900000000000000000e+01
6.000000000000000000e+01
6.500000000000000000e+01
6.600000000000000000e+01
7.400000000000000000e+01
7.900000000000000000e+01
8.200000000000000000e+01
9.000000000000000000e+01
9.200000000000000000e+01
9.500000000000000000e+01
9.800000000000000000e+01
1.000000000000000000e+02
1.020000000000000000e+02
1.050000000000000000e+02
1.130000000000000000e+02
1.230000000000000000e+02
1.510000000000000000e+02
1.860000000000000000e+02
2.120000000000000000e+02
2.160000000000000000e+02
2.250000000000000000e+02
2.280000000000000000e+02
3.070000000000000000e+02
