3.700000000000000000e+01
4.200000000000000000e+01
4.700000000000000000e+01
4.900000000000000000e+01
5.200000000000000000e+01
5.300000000000000000e+01
6.200000000000000000e+01
6.300000000000000000e+01
6.500000000000000000e+01
6.600000000000000000e+01
6.700000000000000000e+01
7.800000000000000000e+01
8.800000000000000000e+01
9.000000000000000000e+01
1.190000000000000000e+02
1.220000000000000000e+02
1.300000000000000000e+02
1.440000000000000000e+02
1.510000000000000000e+02
1.530000000000000000e+02
1.610000000000000000e+02
1.920000000000000000e+02
1.930000000000000000e+02
1.940000000000000000e+02
1.950000000000000000e+02
1.960000000000000000e+02
1.990000000000000000e+02
2.000000000000000000e+02
2.080000000000000000e+02
2.230000000000000000e+02
2.290000000000000000e+02
2.310000000000000000e+02
2.470000000000000000e+02
2.500000000000000000e+02
2.570000000000000000e+02
2.590000000000000000e+02
2.600000000000000000e+02
2.640000000000000000e+02
2.970000000000000000e+02
3.430000000000000000e+02
3.490000000000000000e+02
