4.000000000000000000e+00
6.900000000000000000e+01
8.600000000000000000e+01
9.600000000000000000e+01
1.010000000000000000e+02
1.040000000000000000e+02
1.060000000000000000e+02
1.070000000000000000e+02
1.090000000000000000e+02
1.140000000000000000e+02
1.160000000000000000e+02
1.180000000000000000e+02
1.250000000000000000e+02
1.360000000000000000e+02
1.390000000000000000e+02
1.510000000000000000e+02
2.280000000000000000e+02
2.300000000000000000e+02
2.330000000000000000e+02
2.380000000000000000e+02
2.390000000000000000e+02
2.640000000000000000e+02
2.700000000000000000e+02
3.440000000000000000e+02
3.470000000000000000e+02
3.480000000000000000e+02
3.500000000000000000e+02
