4.000000000000000000e+00
2.500000000000000000e+01
3.200000000000000000e+01
4.600000000000000000e+01
6.000000000000000000e+01
8.400000000000000000e+01
9.200000000000000000e+01
9.500000000000000000e+01
9.800000000000000000e+01
1.070000000000000000e+02
1.300000000000000000e+02
1.390000000000000000e+02
1.510000000000000000e+02
1.530000000000000000e+02
1.610000000000000000e+02
1.750000000000000000e+02
1.790000000000000000e+02
1.880000000000000000e+02
1.970000000000000000e+02
2.040000000000000000e+02
2.050000000000000000e+02
2.060000000000000000e+02
2.400000000000000000e+02
2.620000000000000000e+02
2.650000000000000000e+02
2.660000000000000000e+02
2.700000000000000000e+02
2.710000000000000000e+02
2.900000000000000000e+02
3.030000000000000000e+02
3.110000000000000000e+02
