4.000000000000000000e+01
5.300000000000000000e+01
6.400000000000000000e+01
6.600000000000000000e+01
7.000000000000000000e+01
7.600000000000000000e+01
7.700000000000000000e+01
7.800000000000000000e+01
8.000000000000000000e+01
8.400000000000000000e+01
8.700000000000000000e+01
8.800000000000000000e+01
9.200000000000000000e+01
9.600000000000000000e+01
1.110000000000000000e+02
1.300000000000000000e+02
1.630000000000000000e+02
1.650000000000000000e+02
1.740000000000000000e+02
1.760000000000000000e+02
1.770000000000000000e+02
1.780000000000000000e+02
1.830000000000000000e+02
1.920000000000000000e+02
1.930000000000000000e+02
1.940000000000000000e+02
1.950000000000000000e+02
1.960000000000000000e+02
1.990000000000000000e+02
2.000000000000000000e+02
2.080000000000000000e+02
2.180000000000000000e+02
2.210000000000000000e+02
2.220000000000000000e+02
2.230000000000000000e+02
2.240000000000000000e+02
2.310000000000000000e+02
2.340000000000000000e+02
2.760000000000000000e+02
