8.000000000000000000e+00
5.400000000000000000e+01
5.500000000000000000e+01
6.200000000000000000e+01
6.300000000000000000e+01
6.500000000000000000e+01
6.600000000000000000e+01
6.800000000000000000e+01
6.900000000000000000e+01
7.000000000000000000e+01
7.600000000000000000e+01
7.800000000000000000e+01
8.000000000000000000e+01
8.700000000000000000e+01
9.300000000000000000e+01
9.600000000000000000e+01
1.070000000000000000e+02
1.880000000000000000e+02
2.190000000000000000e+02
2.530000000000000000e+02
2.540000000000000000e+02
2.550000000000000000e+02
2.580000000000000000e+02
2.650000000000000000e+02
2.680000000000000000e+02
2.760000000000000000e+02
2.770000000000000000e+02
2.790000000000000000e+02
2.800000000000000000e+02
2.810000000000000000e+02
2.860000000000000000e+02
2.900000000000000000e+02
2.910000000000000000e+02
2.930000000000000000e+02
2.940000000000000000e+02
3.000000000000000000e+02
3.010000000000000000e+02
3.060000000000000000e+02
3.080000000000000000e+02
3.280000000000000000e+02
3.320000000000000000e+02
3.330000000000000000e+02
3.350000000000000000e+02
3.360000000000000000e+02
3.520000000000000000e+02
