3.800000000000000000e+01
4.100000000000000000e+01
4.400000000000000000e+01
4.600000000000000000e+01
4.900000000000000000e+01
9.500000000000000000e+01
1.010000000000000000e+02
1.060000000000000000e+02
1.070000000000000000e+02
1.180000000000000000e+02
1.200000000000000000e+02
1.230000000000000000e+02
1.390000000000000000e+02
1.600000000000000000e+02
1.750000000000000000e+02
1.850000000000000000e+02
1.880000000000000000e+02
2.510000000000000000e+02
2.650000000000000000e+02
2.800000000000000000e+02
2.830000000000000000e+02
2.840000000000000000e+02
2.910000000000000000e+02
2.930000000000000000e+02
2.970000000000000000e+02
