1.000000000000000000e+00
5.000000000000000000e+00
6.000000000000000000e+00
7.000000000000000000e+00
9.000000000000000000e+00
1.100000000000000000e+01
1.200000000000000000e+01
1.400000000000000000e+01
1.700000000000000000e+01
1.800000000000000000e+01
3.800000000000000000e+01
6.600000000000000000e+01
6.900000000000000000e+01
8.000000000000000000e+01
8.400000000000000000e+01
9.300000000000000000e+01
9.600000000000000000e+01
9.900000000000000000e+01
1.010000000000000000e+02
1.030000000000000000e+02
1.050000000000000000e+02
1.060000000000000000e+02
1.070000000000000000e+02
1.080000000000000000e+02
1.090000000000000000e+02
1.100000000000000000e+02
1.110000000000000000e+02
1.140000000000000000e+02
1.170000000000000000e+02
1.190000000000000000e+02
1.210000000000000000e+02
1.220000000000000000e+02
1.250000000000000000e+02
1.290000000000000000e+02
1.340000000000000000e+02
1.350000000000000000e+02
1.380000000000000000e+02
1.390000000000000000e+02
1.450000000000000000e+02
1.510000000000000000e+02
1.530000000000000000e+02
1.600000000000000000e+02
1.610000000000000000e+02
1.680000000000000000e+02
1.690000000000000000e+02
1.700000000000000000e+02
1.810000000000000000e+02
1.840000000000000000e+02
1.850000000000000000e+02
2.010000000000000000e+02
2.260000000000000000e+02
2.340000000000000000e+02
2.360000000000000000e+02
2.440000000000000000e+02
2.490000000000000000e+02
2.750000000000000000e+02
2.820000000000000000e+02
2.870000000000000000e+02
2.910000000000000000e+02
2.930000000000000000e+02
2.970000000000000000e+02
2.980000000000000000e+02
3.000000000000000000e+02
3.020000000000000000e+02
3.070000000000000000e+02
3.410000000000000000e+02
3.430000000000000000e+02
3.490000000000000000e+02
