1.000000000000000000e+00
4.000000000000000000e+00
5.000000000000000000e+00
8.000000000000000000e+00
7.600000000000000000e+01
8.600000000000000000e+01
8.700000000000000000e+01
9.600000000000000000e+01
1.010000000000000000e+02
1.100000000000000000e+02
1.440000000000000000e+02
1.510000000000000000e+02
1.790000000000000000e+02
1.980000000000000000e+02
2.150000000000000000e+02
2.210000000000000000e+02
2.260000000000000000e+02
2.440000000000000000e+02
2.650000000000000000e+02
2.660000000000000000e+02
2.710000000000000000e+02
2.720000000000000000e+02
2.800000000000000000e+02
2.900000000000000000e+02
2.910000000000000000e+02
2.920000000000000000e+02
2.930000000000000000e+02
2.960000000000000000e+02
3.100000000000000000e+02
3.110000000000000000e+02
3.160000000000000000e+02
3.340000000000000000e+02
