7.800000000000000000e+01
8.700000000000000000e+01
1.060000000000000000e+02
1.070000000000000000e+02
1.100000000000000000e+02
1.310000000000000000e+02
1.650000000000000000e+02
1.720000000000000000e+02
1.760000000000000000e+02
2.780000000000000000e+02
2.870000000000000000e+02
3.130000000000000000e+02
3.140000000000000000e+02
3.200000000000000000e+02
3.220000000000000000e+02
3.260000000000000000e+02
3.280000000000000000e+02
3.290000000000000000e+02
3.350000000000000000e+02
3.360000000000000000e+02
3.400000000000000000e+02
