1.000000000000000000e+00
4.000000000000000000e+00
6.000000000000000000e+00
1.100000000000000000e+01
1.300000000000000000e+01
1.600000000000000000e+01
4.200000000000000000e+01
5.800000000000000000e+01
6.000000000000000000e+01
6.400000000000000000e+01
8.000000000000000000e+01
8.300000000000000000e+01
8.500000000000000000e+01
8.700000000000000000e+01
8.900000000000000000e+01
9.200000000000000000e+01
9.300000000000000000e+01
9.500000000000000000e+01
9.800000000000000000e+01
1.010000000000000000e+02
1.070000000000000000e+02
1.150000000000000000e+02
1.190000000000000000e+02
1.210000000000000000e+02
1.220000000000000000e+02
1.260000000000000000e+02
1.420000000000000000e+02
1.980000000000000000e+02
2.020000000000000000e+02
2.230000000000000000e+02
2.280000000000000000e+02
2.320000000000000000e+02
2.340000000000000000e+02
2.450000000000000000e+02
2.480000000000000000e+02
2.490000000000000000e+02
2.560000000000000000e+02
2.920000000000000000e+02
3.000000000000000000e+02
3.160000000000000000e+02
3.280000000000000000e+02
3.290000000000000000e+02
3.300000000000000000e+02
3.440000000000000000e+02
