0.000000000000000000e+00
3.400000000000000000e+01
4.200000000000000000e+01
4.400000000000000000e+01
4.500000000000000000e+01
4.600000000000000000e+01
4.800000000000000000e+01
6.300000000000000000e+01
6.900000000000000000e+01
7.700000000000000000e+01
7.800000000000000000e+01
8.000000000000000000e+01
8.100000000000000000e+01
8.700000000000000000e+01
8.900000000000000000e+01
9.000000000000000000e+01
9.600000000000000000e+01
9.700000000000000000e+01
1.070000000000000000e+02
1.100000000000000000e+02
1.440000000000000000e+02
1.490000000000000000e+02
1.610000000000000000e+02
1.730000000000000000e+02
1.750000000000000000e+02
1.790000000000000000e+02
1.830000000000000000e+02
1.880000000000000000e+02
1.940000000000000000e+02
1.960000000000000000e+02
1.970000000000000000e+02
1.990000000000000000e+02
2.000000000000000000e+02
2.040000000000000000e+02
2.050000000000000000e+02
2.060000000000000000e+02
2.070000000000000000e+02
2.100000000000000000e+02
2.130000000000000000e+02
2.190000000000000000e+02
2.200000000000000000e+02
2.290000000000000000e+02
2.320000000000000000e+02
2.360000000000000000e+02
2.370000000000000000e+02
2.410000000000000000e+02
2.450000000000000000e+02
2.460000000000000000e+02
2.470000000000000000e+02
2.490000000000000000e+02
2.600000000000000000e+02
2.630000000000000000e+02
2.660000000000000000e+02
2.670000000000000000e+02
2.710000000000000000e+02
2.750000000000000000e+02
2.780000000000000000e+02
2.830000000000000000e+02
2.840000000000000000e+02
2.850000000000000000e+02
2.870000000000000000e+02
2.970000000000000000e+02
3.060000000000000000e+02
3.260000000000000000e+02
