2.900000000000000000e+01
3.900000000000000000e+01
4.100000000000000000e+01
4.600000000000000000e+01
6.900000000000000000e+01
9.600000000000000000e+01
9.700000000000000000e+01
9.900000000000000000e+01
1.010000000000000000e+02
1.040000000000000000e+02
1.060000000000000000e+02
1.070000000000000000e+02
1.080000000000000000e+02
1.090000000000000000e+02
1.100000000000000000e+02
1.110000000000000000e+02
1.140000000000000000e+02
1.170000000000000000e+02
1.190000000000000000e+02
1.200000000000000000e+02
1.220000000000000000e+02
1.340000000000000000e+02
1.350000000000000000e+02
1.390000000000000000e+02
1.440000000000000000e+02
1.450000000000000000e+02
1.490000000000000000e+02
1.740000000000000000e+02
1.750000000000000000e+02
1.810000000000000000e+02
1.850000000000000000e+02
2.010000000000000000e+02
2.070000000000000000e+02
2.310000000000000000e+02
2.360000000000000000e+02
2.650000000000000000e+02
2.770000000000000000e+02
2.800000000000000000e+02
2.830000000000000000e+02
2.840000000000000000e+02
2.850000000000000000e+02
2.880000000000000000e+02
2.900000000000000000e+02
2.910000000000000000e+02
2.930000000000000000e+02
2.970000000000000000e+02
2.990000000000000000e+02
3.010000000000000000e+02
3.040000000000000000e+02
3.070000000000000000e+02
3.090000000000000000e+02
3.340000000000000000e+02
3.440000000000000000e+02
