9.300000000000000000e+01
9.600000000000000000e+01
1.070000000000000000e+02
1.160000000000000000e+02
1.190000000000000000e+02
1.210000000000000000e+02
1.220000000000000000e+02
1.240000000000000000e+02
1.310000000000000000e+02
1.340000000000000000e+02
1.350000000000000000e+02
1.390000000000000000e+02
1.410000000000000000e+02
1.450000000000000000e+02
1.510000000000000000e+02
1.970000000000000000e+02
2.040000000000000000e+02
2.050000000000000000e+02
2.060000000000000000e+02
2.100000000000000000e+02
2.490000000000000000e+02
2.510000000000000000e+02
2.650000000000000000e+02
2.740000000000000000e+02
2.980000000000000000e+02
3.070000000000000000e+02
3.400000000000000000e+02
