4.900000000000000000e+01
6.300000000000000000e+01
6.600000000000000000e+01
6.700000000000000000e+01
8.000000000000000000e+01
8.700000000000000000e+01
8.900000000000000000e+01
1.100000000000000000e+02
2.120000000000000000e+02
2.130000000000000000e+02
2.200000000000000000e+02
2.270000000000000000e+02
2.300000000000000000e+02
2.330000000000000000e+02
2.360000000000000000e+02
2.380000000000000000e+02
2.410000000000000000e+02
2.610000000000000000e+02
2.660000000000000000e+02
2.710000000000000000e+02
2.750000000000000000e+02
2.760000000000000000e+02
2.780000000000000000e+02
2.800000000000000000e+02
2.850000000000000000e+02
2.940000000000000000e+02
3.020000000000000000e+02
3.080000000000000000e+02
3.090000000000000000e+02
3.170000000000000000e+02
3.430000000000000000e+02
