1.900000000000000000e+01
2.100000000000000000e+01
6.600000000000000000e+01
7.700000000000000000e+01
7.800000000000000000e+01
8.300000000000000000e+01
8.700000000000000000e+01
8.800000000000000000e+01
9.200000000000000000e+01
9.600000000000000000e+01
1.070000000000000000e+02
1.100000000000000000e+02
1.310000000000000000e+02
1.440000000000000000e+02
1.510000000000000000e+02
1.530000000000000000e+02
1.810000000000000000e+02
2.090000000000000000e+02
2.160000000000000000e+02
2.420000000000000000e+02
2.450000000000000000e+02
2.630000000000000000e+02
2.880000000000000000e+02
3.490000000000000000e+02
