8.000000000000000000e+00
6.300000000000000000e+01
6.500000000000000000e+01
6.800000000000000000e+01
6.900000000000000000e+01
7.000000000000000000e+01
7.800000000000000000e+01
8.000000000000000000e+01
8.700000000000000000e+01
9.300000000000000000e+01
1.880000000000000000e+02
2.190000000000000000e+02
2.540000000000000000e+02
2.650000000000000000e+02
2.680000000000000000e+02
2.760000000000000000e+02
2.770000000000000000e+02
2.800000000000000000e+02
2.860000000000000000e+02
2.900000000000000000e+02
2.910000000000000000e+02
2.930000000000000000e+02
2.940000000000000000e+02
3.360000000000000000e+02
3.520000000000000000e+02
