3.300000000000000000e+01
3.500000000000000000e+01
3.800000000000000000e+01
3.900000000000000000e+01
4.100000000000000000e+01
4.400000000000000000e+01
4.600000000000000000e+01
4.900000000000000000e+01
5.200000000000000000e+01
5.400000000000000000e+01
5.500000000000000000e+01
6.100000000000000000e+01
6.300000000000000000e+01
9.200000000000000000e+01
9.500000000000000000e+01
9.600000000000000000e+01
9.700000000000000000e+01
9.900000000000000000e+01
1.000000000000000000e+02
1.010000000000000000e+02
1.040000000000000000e+02
1.060000000000000000e+02
1.070000000000000000e+02
1.090000000000000000e+02
1.180000000000000000e+02
1.200000000000000000e+02
1.210000000000000000e+02
1.230000000000000000e+02
1.280000000000000000e+02
1.300000000000000000e+02
1.310000000000000000e+02
1.390000000000000000e+02
1.450000000000000000e+02
1.490000000000000000e+02
1.530000000000000000e+02
1.550000000000000000e+02
1.560000000000000000e+02
1.600000000000000000e+02
1.660000000000000000e+02
1.680000000000000000e+02
1.690000000000000000e+02
1.700000000000000000e+02
1.740000000000000000e+02
1.750000000000000000e+02
1.810000000000000000e+02
1.850000000000000000e+02
1.880000000000000000e+02
1.970000000000000000e+02
2.070000000000000000e+02
2.200000000000000000e+02
2.230000000000000000e+02
2.440000000000000000e+02
2.510000000000000000e+02
2.600000000000000000e+02
2.650000000000000000e+02
2.700000000000000000e+02
2.750000000000000000e+02
2.770000000000000000e+02
2.800000000000000000e+02
2.810000000000000000e+02
2.830000000000000000e+02
2.840000000000000000e+02
2.880000000000000000e+02
2.890000000000000000e+02
2.910000000000000000e+02
2.930000000000000000e+02
2.970000000000000000e+02
2.990000000000000000e+02
3.100000000000000000e+02
3.160000000000000000e+02
3.340000000000000000e+02
3.410000000000000000e+02
