4.900000000000000000e+01
5.200000000000000000e+01
9.900000000000000000e+01
1.000000000000000000e+02
1.030000000000000000e+02
1.070000000000000000e+02
1.100000000000000000e+02
1.140000000000000000e+02
1.470000000000000000e+02
1.490000000000000000e+02
1.570000000000000000e+02
1.830000000000000000e+02
2.040000000000000000e+02
2.050000000000000000e+02
2.060000000000000000e+02
2.070000000000000000e+02
2.100000000000000000e+02
2.150000000000000000e+02
2.360000000000000000e+02
2.650000000000000000e+02
2.760000000000000000e+02
2.770000000000000000e+02
2.780000000000000000e+02
2.870000000000000000e+02
3.040000000000000000e+02
3.070000000000000000e+02
