4.000000000000000000e+00
6.000000000000000000e+00
4.400000000000000000e+01
4.500000000000000000e+01
4.800000000000000000e+01
4.900000000000000000e+01
5.000000000000000000e+01
5.100000000000000000e+01
5.300000000000000000e+01
5.800000000000000000e+01
6.300000000000000000e+01
6.500000000000000000e+01
6.600000000000000000e+01
6.700000000000000000e+01
7.000000000000000000e+01
7.400000000000000000e+01
7.600000000000000000e+01
7.900000000000000000e+01
8.000000000000000000e+01
8.200000000000000000e+01
8.400000000000000000e+01
8.500000000000000000e+01
8.600000000000000000e+01
8.700000000000000000e+01
9.000000000000000000e+01
9.200000000000000000e+01
9.300000000000000000e+01
9.500000000000000000e+01
9.600000000000000000e+01
1.230000000000000000e+02
1.260000000000000000e+02
1.270000000000000000e+02
1.280000000000000000e+02
1.550000000000000000e+02
1.600000000000000000e+02
1.680000000000000000e+02
1.690000000000000000e+02
1.700000000000000000e+02
1.820000000000000000e+02
2.070000000000000000e+02
2.100000000000000000e+02
2.130000000000000000e+02
2.200000000000000000e+02
2.360000000000000000e+02
2.370000000000000000e+02
2.410000000000000000e+02
2.430000000000000000e+02
2.570000000000000000e+02
2.640000000000000000e+02
2.650000000000000000e+02
2.660000000000000000e+02
2.670000000000000000e+02
2.680000000000000000e+02
2.710000000000000000e+02
2.740000000000000000e+02
2.760000000000000000e+02
2.770000000000000000e+02
2.780000000000000000e+02
2.800000000000000000e+02
2.810000000000000000e+02
2.830000000000000000e+02
2.840000000000000000e+02
2.880000000000000000e+02
2.900000000000000000e+02
2.910000000000000000e+02
2.930000000000000000e+02
2.950000000000000000e+02
2.990000000000000000e+02
3.000000000000000000e+02
3.050000000000000000e+02
3.120000000000000000e+02
3.150000000000000000e+02
3.270000000000000000e+02
3.350000000000000000e+02
