4.300000000000000000e+01
5.800000000000000000e+01
6.000000000000000000e+01
6.400000000000000000e+01
6.500000000000000000e+01
6.600000000000000000e+01
6.800000000000000000e+01
7.900000000000000000e+01
8.200000000000000000e+01
8.600000000000000000e+01
9.200000000000000000e+01
9.300000000000000000e+01
9.500000000000000000e+01
1.440000000000000000e+02
1.670000000000000000e+02
1.770000000000000000e+02
1.780000000000000000e+02
1.830000000000000000e+02
1.920000000000000000e+02
1.930000000000000000e+02
1.940000000000000000e+02
1.950000000000000000e+02
1.960000000000000000e+02
1.990000000000000000e+02
2.000000000000000000e+02
2.080000000000000000e+02
2.180000000000000000e+02
2.220000000000000000e+02
2.290000000000000000e+02
