6.000000000000000000e+00
7.000000000000000000e+00
1.200000000000000000e+01
1.700000000000000000e+01
1.800000000000000000e+01
1.010000000000000000e+02
1.050000000000000000e+02
1.060000000000000000e+02
1.070000000000000000e+02
1.190000000000000000e+02
1.210000000000000000e+02
1.220000000000000000e+02
1.250000000000000000e+02
1.290000000000000000e+02
1.810000000000000000e+02
1.840000000000000000e+02
2.010000000000000000e+02
2.260000000000000000e+02
2.360000000000000000e+02
2.820000000000000000e+02
