2.000000000000000000e+00
1.300000000000000000e+01
3.000000000000000000e+01
4.000000000000000000e+01
4.200000000000000000e+01
5.800000000000000000e+01
6.100000000000000000e+01
6.200000000000000000e+01
6.600000000000000000e+01
6.800000000000000000e+01
7.700000000000000000e+01
7.800000000000000000e+01
8.400000000000000000e+01
8.700000000000000000e+01
9.000000000000000000e+01
9.300000000000000000e+01
1.010000000000000000e+02
1.070000000000000000e+02
1.120000000000000000e+02
1.230000000000000000e+02
1.260000000000000000e+02
1.270000000000000000e+02
1.300000000000000000e+02
1.410000000000000000e+02
1.470000000000000000e+02
1.660000000000000000e+02
1.750000000000000000e+02
1.880000000000000000e+02
2.010000000000000000e+02
2.030000000000000000e+02
2.110000000000000000e+02
2.130000000000000000e+02
2.190000000000000000e+02
2.200000000000000000e+02
2.270000000000000000e+02
2.280000000000000000e+02
2.300000000000000000e+02
2.330000000000000000e+02
2.350000000000000000e+02
2.370000000000000000e+02
2.380000000000000000e+02
2.390000000000000000e+02
2.430000000000000000e+02
2.480000000000000000e+02
2.500000000000000000e+02
2.520000000000000000e+02
2.570000000000000000e+02
2.590000000000000000e+02
2.640000000000000000e+02
2.650000000000000000e+02
2.690000000000000000e+02
2.700000000000000000e+02
2.720000000000000000e+02
2.760000000000000000e+02
2.790000000000000000e+02
2.800000000000000000e+02
2.830000000000000000e+02
2.840000000000000000e+02
2.860000000000000000e+02
2.880000000000000000e+02
2.940000000000000000e+02
2.950000000000000000e+02
2.970000000000000000e+02
3.020000000000000000e+02
3.030000000000000000e+02
3.160000000000000000e+02
3.280000000000000000e+02
3.430000000000000000e+02
3.490000000000000000e+02
