9.000000000000000000e+00
3.100000000000000000e+01
3.300000000000000000e+01
3.500000000000000000e+01
3.800000000000000000e+01
4.100000000000000000e+01
4.300000000000000000e+01
4.400000000000000000e+01
4.500000000000000000e+01
4.600000000000000000e+01
4.800000000000000000e+01
4.900000000000000000e+01
6.100000000000000000e+01
6.400000000000000000e+01
6.600000000000000000e+01
7.000000000000000000e+01
7.400000000000000000e+01
9.000000000000000000e+01
9.200000000000000000e+01
9.300000000000000000e+01
9.500000000000000000e+01
1.070000000000000000e+02
1.270000000000000000e+02
1.470000000000000000e+02
2.010000000000000000e+02
2.480000000000000000e+02
2.490000000000000000e+02
2.510000000000000000e+02
2.720000000000000000e+02
3.260000000000000000e+02
