4.000000000000000000e+00
4.100000000000000000e+01
4.500000000000000000e+01
4.600000000000000000e+01
4.800000000000000000e+01
4.900000000000000000e+01
5.000000000000000000e+01
5.100000000000000000e+01
5.200000000000000000e+01
5.300000000000000000e+01
5.400000000000000000e+01
5.500000000000000000e+01
6.400000000000000000e+01
7.400000000000000000e+01
8.700000000000000000e+01
9.200000000000000000e+01
9.300000000000000000e+01
9.500000000000000000e+01
1.020000000000000000e+02
1.030000000000000000e+02
1.040000000000000000e+02
1.070000000000000000e+02
1.080000000000000000e+02
1.120000000000000000e+02
1.200000000000000000e+02
1.230000000000000000e+02
1.260000000000000000e+02
1.270000000000000000e+02
1.280000000000000000e+02
1.300000000000000000e+02
1.830000000000000000e+02
2.020000000000000000e+02
2.090000000000000000e+02
2.120000000000000000e+02
2.160000000000000000e+02
2.250000000000000000e+02
2.390000000000000000e+02
2.500000000000000000e+02
2.520000000000000000e+02
2.590000000000000000e+02
2.650000000000000000e+02
2.830000000000000000e+02
2.840000000000000000e+02
2.970000000000000000e+02
2.980000000000000000e+02
3.130000000000000000e+02
3.300000000000000000e+02
3.320000000000000000e+02
3.330000000000000000e+02
3.430000000000000000e+02
3.490000000000000000e+02
3.520000000000000000e+02
