1.000000000000000000e+00
2.000000000000000000e+00
4.000000000000000000e+00
5.000000000000000000e+00
8.000000000000000000e+00
9.000000000000000000e+00
1.200000000000000000e+01
1.800000000000000000e+01
3.200000000000000000e+01
5.700000000000000000e+01
6.800000000000000000e+01
6.900000000000000000e+01
7.600000000000000000e+01
7.800000000000000000e+01
8.600000000000000000e+01
8.700000000000000000e+01
9.600000000000000000e+01
1.010000000000000000e+02
1.030000000000000000e+02
1.050000000000000000e+02
1.080000000000000000e+02
1.100000000000000000e+02
1.170000000000000000e+02
1.270000000000000000e+02
1.300000000000000000e+02
1.380000000000000000e+02
1.440000000000000000e+02
1.510000000000000000e+02
1.530000000000000000e+02
1.570000000000000000e+02
1.790000000000000000e+02
1.880000000000000000e+02
1.980000000000000000e+02
2.040000000000000000e+02
2.050000000000000000e+02
2.060000000000000000e+02
2.070000000000000000e+02
2.100000000000000000e+02
2.150000000000000000e+02
2.210000000000000000e+02
2.260000000000000000e+02
2.310000000000000000e+02
2.360000000000000000e+02
2.410000000000000000e+02
2.440000000000000000e+02
2.450000000000000000e+02
2.530000000000000000e+02
2.650000000000000000e+02
2.660000000000000000e+02
2.670000000000000000e+02
2.710000000000000000e+02
2.720000000000000000e+02
2.750000000000000000e+02
2.770000000000000000e+02
2.800000000000000000e+02
2.810000000000000000e+02
2.820000000000000000e+02
2.850000000000000000e+02
2.880000000000000000e+02
2.900000000000000000e+02
2.910000000000000000e+02
2.920000000000000000e+02
2.930000000000000000e+02
2.960000000000000000e+02
2.980000000000000000e+02
3.030000000000000000e+02
3.040000000000000000e+02
3.100000000000000000e+02
3.110000000000000000e+02
3.160000000000000000e+02
3.200000000000000000e+02
3.230000000000000000e+02
3.340000000000000000e+02
3.490000000000000000e+02
