1.100000000000000000e+01
3.000000000000000000e+01
4.000000000000000000e+01
4.300000000000000000e+01
4.800000000000000000e+01
4.900000000000000000e+01
5.200000000000000000e+01
5.700000000000000000e+01
5.800000000000000000e+01
6.000000000000000000e+01
6.200000000000000000e+01
6.300000000000000000e+01
6.400000000000000000e+01
6.500000000000000000e+01
6.600000000000000000e+01
6.900000000000000000e+01
7.400000000000000000e+01
7.700000000000000000e+01
8.100000000000000000e+01
8.400000000000000000e+01
8.900000000000000000e+01
9.000000000000000000e+01
9.200000000000000000e+01
1.260000000000000000e+02
1.280000000000000000e+02
1.410000000000000000e+02
1.470000000000000000e+02
1.510000000000000000e+02
1.530000000000000000e+02
1.610000000000000000e+02
1.730000000000000000e+02
1.790000000000000000e+02
1.970000000000000000e+02
1.980000000000000000e+02
2.010000000000000000e+02
2.030000000000000000e+02
2.040000000000000000e+02
2.050000000000000000e+02
2.060000000000000000e+02
2.070000000000000000e+02
2.100000000000000000e+02
2.110000000000000000e+02
2.150000000000000000e+02
2.190000000000000000e+02
2.200000000000000000e+02
2.210000000000000000e+02
2.230000000000000000e+02
2.270000000000000000e+02
2.300000000000000000e+02
2.310000000000000000e+02
2.330000000000000000e+02
2.370000000000000000e+02
2.420000000000000000e+02
2.430000000000000000e+02
2.500000000000000000e+02
2.510000000000000000e+02
2.540000000000000000e+02
2.550000000000000000e+02
2.570000000000000000e+02
2.580000000000000000e+02
2.590000000000000000e+02
2.650000000000000000e+02
2.750000000000000000e+02
2.760000000000000000e+02
2.790000000000000000e+02
2.830000000000000000e+02
2.840000000000000000e+02
2.900000000000000000e+02
2.920000000000000000e+02
3.030000000000000000e+02
3.110000000000000000e+02
3.170000000000000000e+02
3.270000000000000000e+02
3.430000000000000000e+02
3.490000000000000000e+02
3.510000000000000000e+02
