1.300000000000000000e+01
8.000000000000000000e+01
8.100000000000000000e+01
8.600000000000000000e+01
1.080000000000000000e+02
1.090000000000000000e+02
1.180000000000000000e+02
1.210000000000000000e+02
1.270000000000000000e+02
1.440000000000000000e+02
1.470000000000000000e+02
1.490000000000000000e+02
1.560000000000000000e+02
1.810000000000000000e+02
1.850000000000000000e+02
1.860000000000000000e+02
2.090000000000000000e+02
2.130000000000000000e+02
2.200000000000000000e+02
2.250000000000000000e+02
2.260000000000000000e+02
2.280000000000000000e+02
2.300000000000000000e+02
2.330000000000000000e+02
2.360000000000000000e+02
2.380000000000000000e+02
2.400000000000000000e+02
2.410000000000000000e+02
2.890000000000000000e+02
3.510000000000000000e+02
