3.000000000000000000e+00
6.000000000000000000e+00
4.900000000000000000e+01
5.200000000000000000e+01
8.000000000000000000e+01
9.600000000000000000e+01
9.900000000000000000e+01
1.000000000000000000e+02
1.020000000000000000e+02
1.030000000000000000e+02
1.060000000000000000e+02
1.070000000000000000e+02
1.090000000000000000e+02
1.100000000000000000e+02
1.140000000000000000e+02
1.360000000000000000e+02
1.390000000000000000e+02
1.470000000000000000e+02
1.490000000000000000e+02
1.530000000000000000e+02
1.570000000000000000e+02
1.830000000000000000e+02
2.040000000000000000e+02
2.050000000000000000e+02
2.060000000000000000e+02
2.070000000000000000e+02
2.100000000000000000e+02
2.150000000000000000e+02
2.300000000000000000e+02
2.330000000000000000e+02
2.340000000000000000e+02
2.360000000000000000e+02
2.410000000000000000e+02
2.610000000000000000e+02
2.650000000000000000e+02
2.750000000000000000e+02
2.760000000000000000e+02
2.770000000000000000e+02
2.780000000000000000e+02
2.800000000000000000e+02
2.870000000000000000e+02
2.940000000000000000e+02
2.960000000000000000e+02
2.980000000000000000e+02
3.040000000000000000e+02
3.070000000000000000e+02
3.230000000000000000e+02
3.450000000000000000e+02
