3.000000000000000000e+00
5.000000000000000000e+00
6.000000000000000000e+00
1.100000000000000000e+01
3.000000000000000000e+01
3.600000000000000000e+01
4.500000000000000000e+01
4.800000000000000000e+01
5.000000000000000000e+01
5.100000000000000000e+01
5.200000000000000000e+01
5.300000000000000000e+01
5.400000000000000000e+01
5.500000000000000000e+01
5.700000000000000000e+01
5.800000000000000000e+01
6.000000000000000000e+01
6.600000000000000000e+01
7.300000000000000000e+01
7.700000000000000000e+01
8.600000000000000000e+01
9.000000000000000000e+01
9.200000000000000000e+01
9.800000000000000000e+01
1.080000000000000000e+02
1.920000000000000000e+02
1.930000000000000000e+02
1.940000000000000000e+02
1.950000000000000000e+02
1.960000000000000000e+02
1.990000000000000000e+02
2.000000000000000000e+02
2.080000000000000000e+02
2.120000000000000000e+02
2.230000000000000000e+02
2.280000000000000000e+02
2.290000000000000000e+02
2.340000000000000000e+02
2.370000000000000000e+02
2.460000000000000000e+02
2.470000000000000000e+02
2.510000000000000000e+02
2.600000000000000000e+02
2.700000000000000000e+02
2.720000000000000000e+02
2.790000000000000000e+02
2.860000000000000000e+02
2.970000000000000000e+02
3.020000000000000000e+02
3.070000000000000000e+02
3.270000000000000000e+02
3.510000000000000000e+02
