4.000000000000000000e+01
4.300000000000000000e+01
4.900000000000000000e+01
5.300000000000000000e+01
6.400000000000000000e+01
7.400000000000000000e+01
7.600000000000000000e+01
7.900000000000000000e+01
8.000000000000000000e+01
8.200000000000000000e+01
8.400000000000000000e+01
8.500000000000000000e+01
9.000000000000000000e+01
9.200000000000000000e+01
1.380000000000000000e+02
1.770000000000000000e+02
1.780000000000000000e+02
1.910000000000000000e+02
2.080000000000000000e+02
2.180000000000000000e+02
2.220000000000000000e+02
2.500000000000000000e+02
3.130000000000000000e+02
