6.000000000000000000e+00
1.100000000000000000e+01
3.100000000000000000e+01
3.300000000000000000e+01
3.500000000000000000e+01
3.600000000000000000e+01
3.800000000000000000e+01
3.900000000000000000e+01
4.400000000000000000e+01
6.400000000000000000e+01
7.700000000000000000e+01
7.800000000000000000e+01
8.700000000000000000e+01
8.900000000000000000e+01
9.200000000000000000e+01
9.600000000000000000e+01
1.010000000000000000e+02
1.070000000000000000e+02
1.080000000000000000e+02
1.100000000000000000e+02
1.110000000000000000e+02
1.260000000000000000e+02
1.330000000000000000e+02
1.470000000000000000e+02
2.020000000000000000e+02
2.040000000000000000e+02
2.050000000000000000e+02
2.060000000000000000e+02
2.070000000000000000e+02
2.160000000000000000e+02
2.200000000000000000e+02
2.210000000000000000e+02
2.240000000000000000e+02
2.250000000000000000e+02
2.310000000000000000e+02
2.370000000000000000e+02
2.500000000000000000e+02
2.650000000000000000e+02
2.970000000000000000e+02
3.030000000000000000e+02
3.060000000000000000e+02
3.200000000000000000e+02
3.300000000000000000e+02
3.310000000000000000e+02
3.370000000000000000e+02
3.400000000000000000e+02
3.520000000000000000e+02
