1.000000000000000000e+00
1.600000000000000000e+01
4.300000000000000000e+01
7.700000000000000000e+01
9.800000000000000000e+01
1.010000000000000000e+02
1.060000000000000000e+02
1.070000000000000000e+02
1.100000000000000000e+02
1.150000000000000000e+02
1.190000000000000000e+02
1.210000000000000000e+02
1.220000000000000000e+02
1.290000000000000000e+02
1.340000000000000000e+02
1.350000000000000000e+02
1.380000000000000000e+02
1.470000000000000000e+02
1.500000000000000000e+02
1.530000000000000000e+02
1.560000000000000000e+02
1.660000000000000000e+02
1.750000000000000000e+02
1.880000000000000000e+02
2.090000000000000000e+02
2.130000000000000000e+02
2.140000000000000000e+02
2.200000000000000000e+02
2.270000000000000000e+02
2.300000000000000000e+02
2.310000000000000000e+02
2.320000000000000000e+02
2.330000000000000000e+02
2.750000000000000000e+02
2.800000000000000000e+02
2.920000000000000000e+02
2.960000000000000000e+02
3.030000000000000000e+02
3.100000000000000000e+02
3.160000000000000000e+02
3.170000000000000000e+02
3.180000000000000000e+02
3.190000000000000000e+02
3.210000000000000000e+02
3.240000000000000000e+02
3.250000000000000000e+02
3.260000000000000000e+02
3.280000000000000000e+02
3.290000000000000000e+02
3.460000000000000000e+02
