6.000000000000000000e+00
1.400000000000000000e+01
5.900000000000000000e+01
8.400000000000000000e+01
9.700000000000000000e+01
9.800000000000000000e+01
1.000000000000000000e+02
1.020000000000000000e+02
1.060000000000000000e+02
1.070000000000000000e+02
1.080000000000000000e+02
1.170000000000000000e+02
1.190000000000000000e+02
1.210000000000000000e+02
1.220000000000000000e+02
1.250000000000000000e+02
1.290000000000000000e+02
1.370000000000000000e+02
1.530000000000000000e+02
1.560000000000000000e+02
1.600000000000000000e+02
1.610000000000000000e+02
1.660000000000000000e+02
1.740000000000000000e+02
1.750000000000000000e+02
1.880000000000000000e+02
2.010000000000000000e+02
2.480000000000000000e+02
2.660000000000000000e+02
2.710000000000000000e+02
2.820000000000000000e+02
2.880000000000000000e+02
2.970000000000000000e+02
3.200000000000000000e+02
3.410000000000000000e+02
