1.100000000000000000e+01
1.300000000000000000e+01
3.100000000000000000e+01
3.200000000000000000e+01
3.300000000000000000e+01
3.500000000000000000e+01
3.600000000000000000e+01
4.000000000000000000e+01
4.900000000000000000e+01
5.300000000000000000e+01
5.700000000000000000e+01
6.000000000000000000e+01
6.400000000000000000e+01
6.700000000000000000e+01
6.800000000000000000e+01
7.400000000000000000e+01
7.500000000000000000e+01
8.000000000000000000e+01
8.600000000000000000e+01
9.000000000000000000e+01
9.200000000000000000e+01
9.500000000000000000e+01
9.800000000000000000e+01
1.070000000000000000e+02
1.270000000000000000e+02
1.340000000000000000e+02
1.350000000000000000e+02
1.380000000000000000e+02
1.410000000000000000e+02
1.470000000000000000e+02
1.540000000000000000e+02
1.550000000000000000e+02
1.560000000000000000e+02
1.600000000000000000e+02
1.680000000000000000e+02
1.690000000000000000e+02
1.700000000000000000e+02
1.830000000000000000e+02
1.880000000000000000e+02
2.070000000000000000e+02
2.130000000000000000e+02
2.280000000000000000e+02
2.320000000000000000e+02
2.340000000000000000e+02
2.440000000000000000e+02
2.450000000000000000e+02
2.490000000000000000e+02
2.630000000000000000e+02
2.750000000000000000e+02
2.970000000000000000e+02
