3.200000000000000000e+01
3.600000000000000000e+01
4.300000000000000000e+01
4.900000000000000000e+01
5.900000000000000000e+01
6.700000000000000000e+01
8.400000000000000000e+01
9.000000000000000000e+01
9.200000000000000000e+01
1.070000000000000000e+02
1.170000000000000000e+02
1.970000000000000000e+02
2.080000000000000000e+02
2.210000000000000000e+02
2.410000000000000000e+02
2.450000000000000000e+02
2.470000000000000000e+02
2.820000000000000000e+02
2.830000000000000000e+02
2.840000000000000000e+02
2.970000000000000000e+02
