4.000000000000000000e+00
5.300000000000000000e+01
5.800000000000000000e+01
6.900000000000000000e+01
7.300000000000000000e+01
8.600000000000000000e+01
9.600000000000000000e+01
1.010000000000000000e+02
1.040000000000000000e+02
1.060000000000000000e+02
1.070000000000000000e+02
1.090000000000000000e+02
1.140000000000000000e+02
1.160000000000000000e+02
1.170000000000000000e+02
1.180000000000000000e+02
1.250000000000000000e+02
1.260000000000000000e+02
1.270000000000000000e+02
1.290000000000000000e+02
1.360000000000000000e+02
1.380000000000000000e+02
1.390000000000000000e+02
1.410000000000000000e+02
1.470000000000000000e+02
1.510000000000000000e+02
2.280000000000000000e+02
2.300000000000000000e+02
2.330000000000000000e+02
2.340000000000000000e+02
2.380000000000000000e+02
2.390000000000000000e+02
2.400000000000000000e+02
2.640000000000000000e+02
2.700000000000000000e+02
3.110000000000000000e+02
3.190000000000000000e+02
3.240000000000000000e+02
3.250000000000000000e+02
3.350000000000000000e+02
3.360000000000000000e+02
3.440000000000000000e+02
3.460000000000000000e+02
3.470000000000000000e+02
3.480000000000000000e+02
3.500000000000000000e+02
