2.700000000000000000e+01
3.600000000000000000e+01
6.900000000000000000e+01
9.000000000000000000e+01
9.300000000000000000e+01
9.500000000000000000e+01
9.800000000000000000e+01
1.000000000000000000e+02
1.080000000000000000e+02
1.190000000000000000e+02
1.210000000000000000e+02
1.220000000000000000e+02
1.290000000000000000e+02
1.340000000000000000e+02
1.350000000000000000e+02
1.360000000000000000e+02
1.390000000000000000e+02
1.440000000000000000e+02
1.480000000000000000e+02
1.510000000000000000e+02
1.530000000000000000e+02
1.560000000000000000e+02
1.570000000000000000e+02
1.610000000000000000e+02
1.660000000000000000e+02
1.750000000000000000e+02
1.790000000000000000e+02
1.970000000000000000e+02
2.040000000000000000e+02
2.050000000000000000e+02
2.060000000000000000e+02
2.070000000000000000e+02
2.100000000000000000e+02
2.120000000000000000e+02
2.150000000000000000e+02
2.200000000000000000e+02
2.270000000000000000e+02
2.300000000000000000e+02
2.330000000000000000e+02
2.370000000000000000e+02
2.420000000000000000e+02
2.430000000000000000e+02
2.480000000000000000e+02
2.490000000000000000e+02
2.510000000000000000e+02
2.570000000000000000e+02
2.590000000000000000e+02
2.610000000000000000e+02
2.650000000000000000e+02
2.690000000000000000e+02
2.790000000000000000e+02
2.890000000000000000e+02
3.070000000000000000e+02
3.080000000000000000e+02
3.090000000000000000e+02
3.110000000000000000e+02
3.310000000000000000e+02
3.340000000000000000e+02
