6.000000000000000000e+00
1.400000000000000000e+01
1.600000000000000000e+01
4.800000000000000000e+01
6.600000000000000000e+01
6.800000000000000000e+01
7.400000000000000000e+01
7.800000000000000000e+01
8.700000000000000000e+01
8.900000000000000000e+01
9.700000000000000000e+01
9.900000000000000000e+01
1.190000000000000000e+02
1.220000000000000000e+02
1.550000000000000000e+02
1.560000000000000000e+02
1.600000000000000000e+02
1.680000000000000000e+02
1.690000000000000000e+02
1.700000000000000000e+02
1.830000000000000000e+02
2.130000000000000000e+02
2.270000000000000000e+02
2.300000000000000000e+02
2.320000000000000000e+02
2.330000000000000000e+02
2.410000000000000000e+02
2.460000000000000000e+02
