4.000000000000000000e+00
1.300000000000000000e+01
3.200000000000000000e+01
5.900000000000000000e+01
7.000000000000000000e+01
7.300000000000000000e+01
9.000000000000000000e+01
9.500000000000000000e+01
9.700000000000000000e+01
9.800000000000000000e+01
1.010000000000000000e+02
1.030000000000000000e+02
1.050000000000000000e+02
1.070000000000000000e+02
1.130000000000000000e+02
1.170000000000000000e+02
1.240000000000000000e+02
1.340000000000000000e+02
1.350000000000000000e+02
1.410000000000000000e+02
1.470000000000000000e+02
1.490000000000000000e+02
1.530000000000000000e+02
1.550000000000000000e+02
1.560000000000000000e+02
1.600000000000000000e+02
1.610000000000000000e+02
1.630000000000000000e+02
1.680000000000000000e+02
1.690000000000000000e+02
1.700000000000000000e+02
1.740000000000000000e+02
1.850000000000000000e+02
1.880000000000000000e+02
2.010000000000000000e+02
2.070000000000000000e+02
2.100000000000000000e+02
2.120000000000000000e+02
2.130000000000000000e+02
2.150000000000000000e+02
2.200000000000000000e+02
2.250000000000000000e+02
2.280000000000000000e+02
2.290000000000000000e+02
2.370000000000000000e+02
2.390000000000000000e+02
2.400000000000000000e+02
2.440000000000000000e+02
2.450000000000000000e+02
2.460000000000000000e+02
2.470000000000000000e+02
2.520000000000000000e+02
2.630000000000000000e+02
2.650000000000000000e+02
2.800000000000000000e+02
2.850000000000000000e+02
2.910000000000000000e+02
2.930000000000000000e+02
2.970000000000000000e+02
3.280000000000000000e+02
3.290000000000000000e+02
3.450000000000000000e+02
