2.800000000000000000e+01
3.300000000000000000e+01
3.500000000000000000e+01
6.300000000000000000e+01
7.600000000000000000e+01
8.000000000000000000e+01
8.700000000000000000e+01
9.200000000000000000e+01
1.070000000000000000e+02
1.100000000000000000e+02
1.180000000000000000e+02
1.390000000000000000e+02
2.180000000000000000e+02
2.220000000000000000e+02
3.140000000000000000e+02
3.180000000000000000e+02
3.210000000000000000e+02
3.240000000000000000e+02
3.460000000000000000e+02
3.470000000000000000e+02
3.480000000000000000e+02
3.500000000000000000e+02
