3.000000000000000000e+00
1.300000000000000000e+01
1.500000000000000000e+01
2.400000000000000000e+01
2.900000000000000000e+01
3.000000000000000000e+01
3.200000000000000000e+01
3.600000000000000000e+01
4.100000000000000000e+01
4.200000000000000000e+01
4.700000000000000000e+01
5.000000000000000000e+01
5.100000000000000000e+01
5.900000000000000000e+01
6.100000000000000000e+01
6.900000000000000000e+01
7.800000000000000000e+01
8.000000000000000000e+01
8.100000000000000000e+01
8.400000000000000000e+01
8.700000000000000000e+01
8.800000000000000000e+01
9.000000000000000000e+01
9.200000000000000000e+01
9.300000000000000000e+01
9.600000000000000000e+01
9.900000000000000000e+01
1.010000000000000000e+02
1.070000000000000000e+02
1.380000000000000000e+02
1.760000000000000000e+02
2.090000000000000000e+02
2.110000000000000000e+02
2.240000000000000000e+02
2.500000000000000000e+02
2.520000000000000000e+02
2.730000000000000000e+02
2.920000000000000000e+02
2.970000000000000000e+02
3.450000000000000000e+02
