3.200000000000000000e+01
5.300000000000000000e+01
6.000000000000000000e+01
6.400000000000000000e+01
6.600000000000000000e+01
7.400000000000000000e+01
8.600000000000000000e+01
9.200000000000000000e+01
1.550000000000000000e+02
1.560000000000000000e+02
1.600000000000000000e+02
1.680000000000000000e+02
1.690000000000000000e+02
1.700000000000000000e+02
1.760000000000000000e+02
2.680000000000000000e+02
2.770000000000000000e+02
2.800000000000000000e+02
2.810000000000000000e+02
2.900000000000000000e+02
3.230000000000000000e+02
